datetime,casual,registered,count
2011-01-01 00:00:00,3,13,16
2011-01-01 01:00:00,8,32,40
2011-01-01 02:00:00,5,27,32
2011-01-01 03:00:00,3,10,13
2011-01-01 04:00:00,0,1,1
2011-01-01 05:00:00,0,1,1
2011-01-01 06:00:00,2,0,2
2011-01-01 07:00:00,1,2,3
2011-01-01 08:00:00,1,7,8
2011-01-01 09:00:00,8,6,14
2011-01-01 10:00:00,12,24,36
2011-01-01 11:00:00,26,30,56
2011-01-01 12:00:00,29,55,84
2011-01-01 13:00:00,47,47,94
2011-01-01 14:00:00,35,71,106
2011-01-01 15:00:00,40,70,110
2011-01-01 16:00:00,41,52,93
2011-01-01 17:00:00,15,52,67
2011-01-01 18:00:00,9,26,35
2011-01-01 19:00:00,6,31,37
2011-01-01 20:00:00,11,25,36
2011-01-01 21:00:00,3,31,34
2011-01-01 22:00:00,11,17,28
2011-01-01 23:00:00,15,24,39
2011-01-02 00:00:00,4,13,17
2011-01-02 01:00:00,1,16,17
2011-01-02 02:00:00,1,8,9
2011-01-02 03:00:00,2,4,6
2011-01-02 04:00:00,2,1,3
2011-01-02 06:00:00,0,2,2
2011-01-02 07:00:00,0,1,1
2011-01-02 08:00:00,0,8,8
2011-01-02 09:00:00,1,19,20
2011-01-02 10:00:00,7,46,53
2011-01-02 11:00:00,16,54,70
2011-01-02 12:00:00,20,73,93
2011-01-02 13:00:00,11,64,75
2011-01-02 14:00:00,4,55,59
2011-01-02 15:00:00,19,55,74
2011-01-02 16:00:00,9,67,76
2011-01-02 17:00:00,7,58,65
2011-01-02 18:00:00,10,43,53
2011-01-02 19:00:00,1,29,30
2011-01-02 20:00:00,5,17,22
2011-01-02 21:00:00,11,20,31
2011-01-02 22:00:00,0,9,9
2011-01-02 23:00:00,0,8,8
2011-01-03 00:00:00,0,5,5
2011-01-03 01:00:00,0,2,2
2011-01-03 04:00:00,0,1,1
2011-01-03 05:00:00,0,3,3
2011-01-03 06:00:00,0,30,30
2011-01-03 07:00:00,1,63,64
2011-01-03 08:00:00,1,153,154
2011-01-03 09:00:00,7,81,88
2011-01-03 10:00:00,11,33,44
2011-01-03 11:00:00,10,41,51
2011-01-03 12:00:00,13,48,61
2011-01-03 13:00:00,8,53,61
2011-01-03 14:00:00,11,66,77
2011-01-03 15:00:00,14,58,72
2011-01-03 16:00:00,9,67,76
2011-01-03 17:00:00,11,146,157
2011-01-03 18:00:00,9,148,157
2011-01-03 19:00:00,8,102,110
2011-01-03 20:00:00,3,49,52
2011-01-03 21:00:00,3,49,52
2011-01-03 22:00:00,0,20,20
2011-01-03 23:00:00,1,11,12
2011-01-04 00:00:00,0,5,5
2011-01-04 01:00:00,0,2,2
2011-01-04 02:00:00,0,1,1
2011-01-04 04:00:00,0,2,2
2011-01-04 05:00:00,0,4,4
2011-01-04 06:00:00,0,36,36
2011-01-04 07:00:00,2,92,94
2011-01-04 08:00:00,2,177,179
2011-01-04 09:00:00,2,98,100
2011-01-04 10:00:00,5,37,42
2011-01-04 11:00:00,7,50,57
2011-01-04 12:00:00,12,66,78
2011-01-04 13:00:00,18,79,97
2011-01-04 14:00:00,9,54,63
2011-01-04 15:00:00,17,48,65
2011-01-04 16:00:00,15,68,83
2011-01-04 17:00:00,10,202,212
2011-01-04 18:00:00,3,179,182
2011-01-04 19:00:00,2,110,112
2011-01-04 20:00:00,1,53,54
2011-01-04 21:00:00,0,48,48
2011-01-04 22:00:00,1,34,35
2011-01-04 23:00:00,2,9,11
2011-01-05 00:00:00,0,6,6
2011-01-05 01:00:00,0,6,6
2011-01-05 02:00:00,0,2,2
2011-01-05 04:00:00,0,2,2
2011-01-05 05:00:00,0,3,3
2011-01-05 06:00:00,0,33,33
2011-01-05 07:00:00,1,87,88
2011-01-05 08:00:00,3,192,195
2011-01-05 09:00:00,6,109,115
2011-01-05 10:00:00,4,53,57
2011-01-05 11:00:00,12,34,46
2011-01-05 12:00:00,5,74,79
2011-01-05 13:00:00,6,65,71
2011-01-05 14:00:00,10,52,62
2011-01-05 15:00:00,7,55,62
2011-01-05 16:00:00,4,85,89
2011-01-05 17:00:00,4,186,190
2011-01-05 18:00:00,3,166,169
2011-01-05 19:00:00,5,127,132
2011-01-05 20:00:00,7,82,89
2011-01-05 21:00:00,3,40,43
2011-01-05 22:00:00,1,41,42
2011-01-05 23:00:00,1,18,19
2011-01-06 00:00:00,0,11,11
2011-01-06 01:00:00,0,4,4
2011-01-06 02:00:00,0,2,2
2011-01-06 04:00:00,0,1,1
2011-01-06 05:00:00,0,4,4
2011-01-06 06:00:00,0,36,36
2011-01-06 07:00:00,0,95,95
2011-01-06 08:00:00,3,216,219
2011-01-06 09:00:00,6,116,122
2011-01-06 10:00:00,3,42,45
2011-01-06 11:00:00,2,57,59
2011-01-06 12:00:00,6,78,84
2011-01-06 13:00:00,12,55,67
2011-01-06 14:00:00,11,59,70
2011-01-06 15:00:00,8,54,62
2011-01-06 16:00:00,12,74,86
2011-01-06 17:00:00,9,163,172
2011-01-06 18:00:00,5,158,163
2011-01-06 19:00:00,3,109,112
2011-01-06 20:00:00,3,66,69
2011-01-06 21:00:00,0,48,48
2011-01-06 22:00:00,1,51,52
2011-01-06 23:00:00,4,19,23
2011-01-07 00:00:00,4,13,17
2011-01-07 01:00:00,2,5,7
2011-01-07 02:00:00,0,1,1
2011-01-07 04:00:00,0,1,1
2011-01-07 05:00:00,0,5,5
2011-01-07 06:00:00,8,26,34
2011-01-07 07:00:00,8,76,84
2011-01-07 08:00:00,20,190,210
2011-01-07 09:00:00,9,125,134
2011-01-07 10:00:00,16,47,63
2011-01-07 11:00:00,19,48,67
2011-01-07 12:00:00,9,50,59
2011-01-07 13:00:00,9,64,73
2011-01-07 14:00:00,7,43,50
2011-01-07 15:00:00,9,63,72
2011-01-07 16:00:00,5,82,87
2011-01-07 17:00:00,9,178,187
2011-01-07 18:00:00,7,116,123
2011-01-07 19:00:00,3,92,95
2011-01-07 20:00:00,1,50,51
2011-01-07 21:00:00,0,39,39
2011-01-07 22:00:00,2,34,36
2011-01-07 23:00:00,1,14,15
2011-01-08 00:00:00,1,24,25
2011-01-08 01:00:00,1,15,16
2011-01-08 02:00:00,3,13,16
2011-01-08 03:00:00,0,7,7
2011-01-08 04:00:00,0,1,1
2011-01-08 05:00:00,0,5,5
2011-01-08 06:00:00,0,2,2
2011-01-08 07:00:00,1,8,9
2011-01-08 08:00:00,0,15,15
2011-01-08 09:00:00,0,20,20
2011-01-08 10:00:00,5,56,61
2011-01-08 11:00:00,2,60,62
2011-01-08 12:00:00,8,90,98
2011-01-08 13:00:00,7,95,102
2011-01-08 14:00:00,12,83,95
2011-01-08 15:00:00,5,69,74
2011-01-08 16:00:00,8,68,76
2011-01-08 17:00:00,5,64,69
2011-01-08 18:00:00,3,52,55
2011-01-08 19:00:00,4,26,30
2011-01-08 20:00:00,0,28,28
2011-01-08 21:00:00,2,35,37
2011-01-08 22:00:00,1,33,34
2011-01-08 23:00:00,0,22,22
2011-01-09 00:00:00,1,24,25
2011-01-09 01:00:00,0,12,12
2011-01-09 02:00:00,0,11,11
2011-01-09 03:00:00,0,4,4
2011-01-09 04:00:00,0,1,1
2011-01-09 05:00:00,0,1,1
2011-01-09 06:00:00,0,1,1
2011-01-09 07:00:00,1,5,6
2011-01-09 08:00:00,0,10,10
2011-01-09 09:00:00,0,19,19
2011-01-09 10:00:00,0,49,49
2011-01-09 11:00:00,2,47,49
2011-01-09 12:00:00,4,79,83
2011-01-09 13:00:00,6,69,75
2011-01-09 14:00:00,8,64,72
2011-01-09 15:00:00,5,77,82
2011-01-09 16:00:00,13,79,92
2011-01-09 17:00:00,3,59,62
2011-01-09 18:00:00,4,44,48
2011-01-09 19:00:00,1,40,41
2011-01-09 20:00:00,0,38,38
2011-01-09 21:00:00,1,19,20
2011-01-09 22:00:00,5,10,15
2011-01-09 23:00:00,0,6,6
2011-01-10 00:00:00,2,3,5
2011-01-10 01:00:00,1,0,1
2011-01-10 02:00:00,0,3,3
2011-01-10 03:00:00,0,1,1
2011-01-10 04:00:00,1,2,3
2011-01-10 05:00:00,0,3,3
2011-01-10 06:00:00,0,31,31
2011-01-10 07:00:00,2,75,77
2011-01-10 08:00:00,4,184,188
2011-01-10 09:00:00,2,92,94
2011-01-10 10:00:00,0,31,31
2011-01-10 11:00:00,2,28,30
2011-01-10 12:00:00,5,47,52
2011-01-10 13:00:00,4,50,54
2011-01-10 14:00:00,0,47,47
2011-01-10 15:00:00,2,43,45
2011-01-10 16:00:00,4,70,74
2011-01-10 17:00:00,4,174,178
2011-01-10 18:00:00,1,154,155
2011-01-10 19:00:00,3,92,95
2011-01-10 20:00:00,1,73,74
2011-01-10 21:00:00,1,37,38
2011-01-10 22:00:00,2,22,24
2011-01-10 23:00:00,0,18,18
2011-01-11 00:00:00,2,10,12
2011-01-11 01:00:00,0,3,3
2011-01-11 02:00:00,0,3,3
2011-01-11 05:00:00,0,6,6
2011-01-11 06:00:00,0,27,27
2011-01-11 07:00:00,2,97,99
2011-01-11 08:00:00,3,214,217
2011-01-11 09:00:00,3,127,130
2011-01-11 10:00:00,3,51,54
2011-01-11 11:00:00,4,31,35
2011-01-11 12:00:00,2,55,57
2011-01-11 13:00:00,6,46,52
2011-01-11 14:00:00,3,60,63
2011-01-11 15:00:00,2,45,47
2011-01-11 16:00:00,4,72,76
2011-01-11 17:00:00,6,130,136
2011-01-11 18:00:00,1,94,95
2011-01-11 19:00:00,0,51,51
2011-01-11 20:00:00,0,32,32
2011-01-11 21:00:00,0,20,20
2011-01-11 22:00:00,1,28,29
2011-01-11 23:00:00,1,18,19
2011-01-12 00:00:00,0,7,7
2011-01-12 01:00:00,0,6,6
2011-01-12 02:00:00,0,1,1
2011-01-12 05:00:00,0,5,5
2011-01-12 06:00:00,0,16,16
2011-01-12 07:00:00,0,54,54
2011-01-12 08:00:00,3,125,128
2011-01-12 09:00:00,3,78,81
2011-01-12 10:00:00,0,39,39
2011-01-12 11:00:00,3,32,35
2011-01-12 12:00:00,3,52,55
2011-01-12 13:00:00,0,49,49
2011-01-12 14:00:00,0,44,44
2011-01-12 15:00:00,1,48,49
2011-01-12 16:00:00,5,63,68
2011-01-12 17:00:00,0,139,139
2011-01-12 18:00:00,2,135,137
2011-01-12 19:00:00,1,82,83
2011-01-12 20:00:00,2,54,56
2011-01-12 21:00:00,0,57,57
2011-01-12 22:00:00,1,32,33
2011-01-12 23:00:00,1,19,20
2011-01-13 00:00:00,1,6,7
2011-01-13 01:00:00,0,2,2
2011-01-13 02:00:00,0,2,2
2011-01-13 03:00:00,0,3,3
2011-01-13 04:00:00,0,4,4
2011-01-13 05:00:00,0,3,3
2011-01-13 06:00:00,0,28,28
2011-01-13 07:00:00,0,72,72
2011-01-13 08:00:00,5,197,202
2011-01-13 09:00:00,2,137,139
2011-01-13 10:00:00,2,36,38
2011-01-13 11:00:00,4,33,37
2011-01-13 12:00:00,3,49,52
2011-01-13 13:00:00,2,81,83
2011-01-13 14:00:00,3,39,42
2011-01-13 15:00:00,5,55,60
2011-01-13 16:00:00,2,76,78
2011-01-13 17:00:00,4,158,162
2011-01-13 18:00:00,3,141,144
2011-01-13 19:00:00,1,98,99
2011-01-13 20:00:00,0,64,64
2011-01-13 21:00:00,0,40,40
2011-01-13 22:00:00,0,30,30
2011-01-13 23:00:00,1,14,15
2011-01-14 00:00:00,0,14,14
2011-01-14 01:00:00,0,5,5
2011-01-14 02:00:00,0,1,1
2011-01-14 03:00:00,0,1,1
2011-01-14 05:00:00,0,8,8
2011-01-14 06:00:00,0,17,17
2011-01-14 07:00:00,0,70,70
2011-01-14 08:00:00,2,156,158
2011-01-14 09:00:00,0,117,117
2011-01-14 10:00:00,4,40,44
2011-01-14 11:00:00,6,47,53
2011-01-14 12:00:00,2,59,61
2011-01-14 13:00:00,4,73,77
2011-01-14 14:00:00,5,59,64
2011-01-14 15:00:00,9,59,68
2011-01-14 16:00:00,3,87,90
2011-01-14 17:00:00,4,155,159
2011-01-14 18:00:00,5,134,139
2011-01-14 19:00:00,3,89,92
2011-01-14 20:00:00,0,68,68
2011-01-14 21:00:00,4,48,52
2011-01-14 22:00:00,2,34,36
2011-01-14 23:00:00,1,26,27
2011-01-15 00:00:00,3,25,28
2011-01-15 01:00:00,2,18,20
2011-01-15 02:00:00,0,12,12
2011-01-15 03:00:00,1,7,8
2011-01-15 04:00:00,0,5,5
2011-01-15 05:00:00,0,1,1
2011-01-15 06:00:00,1,2,3
2011-01-15 07:00:00,1,9,10
2011-01-15 08:00:00,1,22,23
2011-01-15 09:00:00,2,31,33
2011-01-15 10:00:00,2,57,59
2011-01-15 11:00:00,18,54,72
2011-01-15 12:00:00,15,74,89
2011-01-15 13:00:00,21,80,101
2011-01-15 14:00:00,26,92,118
2011-01-15 15:00:00,21,108,129
2011-01-15 16:00:00,33,95,128
2011-01-15 17:00:00,29,54,83
2011-01-15 18:00:00,15,69,84
2011-01-15 19:00:00,14,60,74
2011-01-15 20:00:00,6,35,41
2011-01-15 21:00:00,6,51,57
2011-01-15 22:00:00,0,26,26
2011-01-15 23:00:00,5,39,44
2011-01-16 00:00:00,6,33,39
2011-01-16 01:00:00,4,19,23
2011-01-16 02:00:00,3,13,16
2011-01-16 03:00:00,9,6,15
2011-01-16 04:00:00,0,1,1
2011-01-16 05:00:00,1,1,2
2011-01-16 06:00:00,0,1,1
2011-01-16 07:00:00,0,3,3
2011-01-16 08:00:00,0,18,18
2011-01-16 09:00:00,3,29,32
2011-01-16 10:00:00,8,71,79
2011-01-16 11:00:00,23,70,93
2011-01-16 12:00:00,29,75,104
2011-01-16 13:00:00,23,95,118
2011-01-16 14:00:00,22,69,91
2011-01-16 15:00:00,35,78,113
2011-01-16 16:00:00,22,77,99
2011-01-16 17:00:00,23,82,105
2011-01-16 18:00:00,11,56,67
2011-01-16 19:00:00,14,47,61
2011-01-16 20:00:00,7,50,57
2011-01-16 21:00:00,6,22,28
2011-01-16 22:00:00,2,19,21
2011-01-16 23:00:00,0,18,18
2011-01-17 00:00:00,1,16,17
2011-01-17 01:00:00,1,15,16
2011-01-17 02:00:00,0,8,8
2011-01-17 03:00:00,0,2,2
2011-01-17 04:00:00,1,2,3
2011-01-17 05:00:00,0,1,1
2011-01-17 06:00:00,0,5,5
2011-01-17 07:00:00,4,9,13
2011-01-17 08:00:00,3,30,33
2011-01-17 09:00:00,8,39,47
2011-01-17 10:00:00,7,50,57
2011-01-17 11:00:00,9,55,64
2011-01-17 12:00:00,10,70,80
2011-01-17 13:00:00,13,80,93
2011-01-17 14:00:00,12,74,86
2011-01-17 15:00:00,21,72,93
2011-01-17 16:00:00,6,76,82
2011-01-17 17:00:00,4,67,71
2011-01-17 18:00:00,7,85,92
2011-01-17 19:00:00,2,58,60
2011-01-17 20:00:00,4,29,33
2011-01-17 21:00:00,3,24,27
2011-01-17 22:00:00,0,13,13
2011-01-17 23:00:00,1,3,4
2011-01-18 12:00:00,0,3,3
2011-01-18 13:00:00,0,22,22
2011-01-18 14:00:00,2,26,28
2011-01-18 15:00:00,3,32,35
2011-01-18 16:00:00,0,61,61
2011-01-18 17:00:00,1,124,125
2011-01-18 18:00:00,1,132,133
2011-01-18 19:00:00,1,98,99
2011-01-18 20:00:00,0,83,83
2011-01-18 21:00:00,0,41,41
2011-01-18 22:00:00,0,33,33
2011-01-18 23:00:00,1,19,20
2011-01-19 00:00:00,0,3,3
2011-01-19 01:00:00,1,6,7
2011-01-19 02:00:00,0,3,3
2011-01-19 04:00:00,1,1,2
2011-01-19 05:00:00,0,7,7
2011-01-19 06:00:00,0,32,32
2011-01-19 07:00:00,1,89,90
2011-01-19 08:00:00,1,196,197
2011-01-19 09:00:00,2,107,109
2011-01-19 10:00:00,1,46,47
2011-01-19 11:00:00,5,47,52
2011-01-19 12:00:00,5,65,70
2011-01-19 13:00:00,11,67,78
2011-01-19 14:00:00,7,68,75
2011-01-19 15:00:00,4,78,82
2011-01-19 16:00:00,10,94,104
2011-01-19 17:00:00,7,190,197
2011-01-19 18:00:00,5,156,161
2011-01-19 19:00:00,4,108,112
2011-01-19 20:00:00,2,74,76
2011-01-19 21:00:00,4,55,59
2011-01-19 22:00:00,6,53,59
2011-01-19 23:00:00,1,27,28
2011-02-01 00:00:00,2,6,8
2011-02-01 01:00:00,0,3,3
2011-02-01 02:00:00,0,2,2
2011-02-01 03:00:00,0,2,2
2011-02-01 05:00:00,0,3,3
2011-02-01 06:00:00,0,22,22
2011-02-01 07:00:00,0,52,52
2011-02-01 08:00:00,3,132,135
2011-02-01 09:00:00,2,114,116
2011-02-01 10:00:00,0,47,47
2011-02-01 11:00:00,2,49,51
2011-02-01 12:00:00,2,53,55
2011-02-01 13:00:00,3,49,52
2011-02-01 14:00:00,5,49,54
2011-02-01 15:00:00,7,45,52
2011-02-01 16:00:00,3,61,64
2011-02-01 17:00:00,4,172,176
2011-02-01 18:00:00,3,165,168
2011-02-01 19:00:00,3,105,108
2011-02-01 20:00:00,5,69,74
2011-02-01 21:00:00,0,64,64
2011-02-01 22:00:00,2,34,36
2011-02-01 23:00:00,1,15,16
2011-02-02 00:00:00,0,2,2
2011-02-02 01:00:00,0,3,3
2011-02-02 02:00:00,4,0,4
2011-02-02 03:00:00,0,1,1
2011-02-02 04:00:00,0,1,1
2011-02-02 05:00:00,0,3,3
2011-02-02 06:00:00,1,17,18
2011-02-02 07:00:00,1,48,49
2011-02-02 08:00:00,1,154,155
2011-02-02 09:00:00,4,119,123
2011-02-02 10:00:00,2,59,61
2011-02-02 11:00:00,5,47,52
2011-02-02 12:00:00,3,61,64
2011-02-02 13:00:00,1,74,75
2011-02-02 14:00:00,2,61,63
2011-02-02 15:00:00,10,66,76
2011-02-02 16:00:00,8,95,103
2011-02-02 17:00:00,7,183,190
2011-02-02 18:00:00,7,175,182
2011-02-02 19:00:00,3,88,91
2011-02-02 20:00:00,4,71,75
2011-02-02 21:00:00,1,62,63
2011-02-02 22:00:00,5,35,40
2011-02-02 23:00:00,3,29,32
2011-02-03 00:00:00,1,11,12
2011-02-03 01:00:00,0,5,5
2011-02-03 02:00:00,0,2,2
2011-02-03 03:00:00,0,1,1
2011-02-03 05:00:00,0,2,2
2011-02-03 06:00:00,0,39,39
2011-02-03 07:00:00,1,86,87
2011-02-03 08:00:00,4,184,188
2011-02-03 09:00:00,6,127,133
2011-02-03 10:00:00,2,50,52
2011-02-03 11:00:00,9,55,64
2011-02-03 12:00:00,2,67,69
2011-02-03 13:00:00,4,47,51
2011-02-03 14:00:00,4,43,47
2011-02-03 15:00:00,4,56,60
2011-02-03 16:00:00,5,73,78
2011-02-03 17:00:00,5,170,175
2011-02-03 18:00:00,2,145,147
2011-02-03 19:00:00,4,92,96
2011-02-03 20:00:00,1,108,109
2011-02-03 21:00:00,1,53,54
2011-02-03 22:00:00,2,39,41
2011-02-03 23:00:00,4,34,38
2011-02-04 00:00:00,3,10,13
2011-02-04 01:00:00,0,7,7
2011-02-04 02:00:00,0,1,1
2011-02-04 03:00:00,0,1,1
2011-02-04 05:00:00,0,7,7
2011-02-04 06:00:00,2,26,28
2011-02-04 07:00:00,0,87,87
2011-02-04 08:00:00,3,217,220
2011-02-04 09:00:00,3,124,127
2011-02-04 10:00:00,5,46,51
2011-02-04 11:00:00,3,61,64
2011-02-04 12:00:00,8,78,86
2011-02-04 13:00:00,9,73,82
2011-02-04 14:00:00,15,76,91
2011-02-04 15:00:00,9,81,90
2011-02-04 16:00:00,8,91,99
2011-02-04 17:00:00,10,195,205
2011-02-04 18:00:00,3,152,155
2011-02-04 19:00:00,1,102,103
2011-02-04 20:00:00,2,69,71
2011-02-04 21:00:00,2,41,43
2011-02-04 22:00:00,1,45,46
2011-02-04 23:00:00,1,30,31
2011-02-05 00:00:00,3,36,39
2011-02-05 01:00:00,1,17,18
2011-02-05 02:00:00,5,12,17
2011-02-05 03:00:00,1,10,11
2011-02-05 04:00:00,0,8,8
2011-02-05 05:00:00,0,9,9
2011-02-05 06:00:00,0,4,4
2011-02-05 07:00:00,0,4,4
2011-02-05 08:00:00,0,10,10
2011-02-05 09:00:00,3,17,20
2011-02-05 10:00:00,3,31,34
2011-02-05 11:00:00,1,46,47
2011-02-05 12:00:00,10,42,52
2011-02-05 13:00:00,10,62,72
2011-02-05 14:00:00,5,50,55
2011-02-05 15:00:00,11,49,60
2011-02-05 16:00:00,8,63,71
2011-02-05 17:00:00,14,64,78
2011-02-05 18:00:00,2,81,83
2011-02-05 19:00:00,6,78,84
2011-02-05 20:00:00,5,64,69
2011-02-05 21:00:00,3,53,56
2011-02-05 22:00:00,2,43,45
2011-02-05 23:00:00,7,52,59
2011-02-06 00:00:00,2,37,39
2011-02-06 01:00:00,4,40,44
2011-02-06 02:00:00,0,20,20
2011-02-06 03:00:00,3,10,13
2011-02-06 04:00:00,0,2,2
2011-02-06 05:00:00,0,1,1
2011-02-06 06:00:00,0,1,1
2011-02-06 07:00:00,0,8,8
2011-02-06 08:00:00,2,21,23
2011-02-06 09:00:00,7,38,45
2011-02-06 10:00:00,15,74,89
2011-02-06 11:00:00,28,89,117
2011-02-06 12:00:00,48,126,174
2011-02-06 13:00:00,47,135,182
2011-02-06 14:00:00,47,114,161
2011-02-06 15:00:00,52,130,182
2011-02-06 16:00:00,42,115,157
2011-02-06 17:00:00,24,97,121
2011-02-06 18:00:00,13,65,78
2011-02-06 19:00:00,1,20,21
2011-02-06 20:00:00,5,21,26
2011-02-06 21:00:00,5,22,27
2011-02-06 22:00:00,5,57,62
2011-02-06 23:00:00,4,26,30
2011-02-07 00:00:00,1,14,15
2011-02-07 01:00:00,1,4,5
2011-02-07 02:00:00,0,3,3
2011-02-07 03:00:00,0,1,1
2011-02-07 04:00:00,1,1,2
2011-02-07 05:00:00,1,9,10
2011-02-07 06:00:00,1,29,30
2011-02-07 07:00:00,6,89,95
2011-02-07 08:00:00,7,223,230
2011-02-07 09:00:00,3,115,118
2011-02-07 10:00:00,6,49,55
2011-02-07 11:00:00,11,36,47
2011-02-07 12:00:00,7,59,66
2011-02-07 13:00:00,10,54,64
2011-02-07 14:00:00,8,52,60
2011-02-07 15:00:00,4,46,50
2011-02-07 16:00:00,16,98,114
2011-02-07 17:00:00,9,207,216
2011-02-07 18:00:00,5,170,175
2011-02-07 19:00:00,5,123,128
2011-02-07 20:00:00,6,82,88
2011-02-07 21:00:00,3,75,78
2011-02-07 22:00:00,3,34,37
2011-02-07 23:00:00,6,19,25
2011-02-08 00:00:00,4,6,10
2011-02-08 01:00:00,0,4,4
2011-02-08 02:00:00,1,1,2
2011-02-08 03:00:00,0,1,1
2011-02-08 04:00:00,0,3,3
2011-02-08 05:00:00,0,2,2
2011-02-08 06:00:00,0,39,39
2011-02-08 07:00:00,3,97,100
2011-02-08 08:00:00,7,236,243
2011-02-08 09:00:00,7,128,135
2011-02-08 10:00:00,4,44,48
2011-02-08 11:00:00,1,49,50
2011-02-08 12:00:00,2,63,65
2011-02-08 13:00:00,2,48,50
2011-02-08 14:00:00,3,61,64
2011-02-08 15:00:00,6,45,51
2011-02-08 16:00:00,4,79,83
2011-02-08 17:00:00,4,172,176
2011-02-08 18:00:00,1,151,152
2011-02-08 19:00:00,1,100,101
2011-02-08 20:00:00,3,53,56
2011-02-08 21:00:00,8,46,54
2011-02-08 22:00:00,0,29,29
2011-02-08 23:00:00,3,9,12
2011-02-09 00:00:00,0,17,17
2011-02-09 01:00:00,0,7,7
2011-02-09 02:00:00,1,2,3
2011-02-09 03:00:00,0,2,2
2011-02-09 05:00:00,0,7,7
2011-02-09 06:00:00,0,43,43
2011-02-09 07:00:00,4,95,99
2011-02-09 08:00:00,1,198,199
2011-02-09 09:00:00,4,119,123
2011-02-09 10:00:00,8,51,59
2011-02-09 11:00:00,1,40,41
2011-02-09 12:00:00,4,57,61
2011-02-09 13:00:00,2,67,69
2011-02-09 14:00:00,2,56,58
2011-02-09 15:00:00,3,61,64
2011-02-09 16:00:00,7,72,79
2011-02-09 17:00:00,9,157,166
2011-02-09 18:00:00,2,168,170
2011-02-09 19:00:00,1,87,88
2011-02-09 20:00:00,0,84,84
2011-02-09 21:00:00,0,83,83
2011-02-09 22:00:00,4,42,46
2011-02-09 23:00:00,0,37,37
2011-02-10 00:00:00,0,16,16
2011-02-10 01:00:00,0,7,7
2011-02-10 02:00:00,0,3,3
2011-02-10 04:00:00,0,1,1
2011-02-10 05:00:00,0,6,6
2011-02-10 06:00:00,0,26,26
2011-02-10 07:00:00,0,99,99
2011-02-10 08:00:00,5,173,178
2011-02-10 09:00:00,1,121,122
2011-02-10 10:00:00,1,34,35
2011-02-10 11:00:00,1,44,45
2011-02-10 12:00:00,4,65,69
2011-02-10 13:00:00,3,59,62
2011-02-10 14:00:00,6,42,48
2011-02-10 15:00:00,0,50,50
2011-02-10 16:00:00,4,76,80
2011-02-10 17:00:00,6,159,165
2011-02-10 18:00:00,3,157,160
2011-02-10 19:00:00,2,110,112
2011-02-10 20:00:00,4,93,97
2011-02-10 21:00:00,2,70,72
2011-02-10 22:00:00,4,47,51
2011-02-10 23:00:00,1,33,34
2011-02-11 00:00:00,2,12,14
2011-02-11 01:00:00,1,6,7
2011-02-11 02:00:00,0,3,3
2011-02-11 05:00:00,0,4,4
2011-02-11 06:00:00,1,23,24
2011-02-11 07:00:00,1,73,74
2011-02-11 08:00:00,4,212,216
2011-02-11 09:00:00,8,132,140
2011-02-11 10:00:00,5,39,44
2011-02-11 11:00:00,12,52,64
2011-02-11 12:00:00,7,64,71
2011-02-11 13:00:00,21,89,110
2011-02-11 14:00:00,17,67,84
2011-02-11 15:00:00,12,62,74
2011-02-11 16:00:00,14,111,125
2011-02-11 17:00:00,18,193,211
2011-02-11 18:00:00,9,165,174
2011-02-11 19:00:00,7,94,101
2011-02-11 20:00:00,2,61,63
2011-02-11 21:00:00,1,46,47
2011-02-11 22:00:00,2,41,43
2011-02-11 23:00:00,5,48,53
2011-02-12 00:00:00,3,27,30
2011-02-12 01:00:00,2,22,24
2011-02-12 02:00:00,2,13,15
2011-02-12 03:00:00,3,7,10
2011-02-12 04:00:00,0,4,4
2011-02-12 05:00:00,0,1,1
2011-02-12 06:00:00,1,1,2
2011-02-12 07:00:00,2,9,11
2011-02-12 08:00:00,2,28,30
2011-02-12 09:00:00,5,38,43
2011-02-12 10:00:00,13,71,84
2011-02-12 11:00:00,30,84,114
2011-02-12 12:00:00,27,93,120
2011-02-12 13:00:00,32,103,135
2011-02-12 14:00:00,30,90,120
2011-02-12 15:00:00,47,127,174
2011-02-12 16:00:00,42,103,145
2011-02-12 17:00:00,24,113,137
2011-02-12 18:00:00,4,60,64
2011-02-12 19:00:00,2,39,41
2011-02-12 20:00:00,1,39,40
2011-02-12 21:00:00,9,42,51
2011-02-12 22:00:00,6,39,45
2011-02-12 23:00:00,1,31,32
2011-02-13 00:00:00,5,34,39
2011-02-13 01:00:00,1,23,24
2011-02-13 02:00:00,1,19,20
2011-02-13 03:00:00,4,8,12
2011-02-13 04:00:00,0,2,2
2011-02-13 06:00:00,2,3,5
2011-02-13 07:00:00,0,3,3
2011-02-13 08:00:00,1,11,12
2011-02-13 09:00:00,12,35,47
2011-02-13 10:00:00,19,86,105
2011-02-13 11:00:00,26,86,112
2011-02-13 12:00:00,58,94,152
2011-02-13 13:00:00,62,92,154
2011-02-13 14:00:00,51,110,161
2011-02-13 15:00:00,40,122,162
2011-02-13 16:00:00,28,106,134
2011-02-13 17:00:00,30,95,125
2011-02-13 18:00:00,17,78,95
2011-02-13 19:00:00,11,50,61
2011-02-13 20:00:00,15,32,47
2011-02-13 21:00:00,6,45,51
2011-02-13 22:00:00,5,31,36
2011-02-13 23:00:00,3,27,30
2011-02-14 00:00:00,3,8,11
2011-02-14 01:00:00,1,6,7
2011-02-14 02:00:00,0,2,2
2011-02-14 03:00:00,1,1,2
2011-02-14 04:00:00,0,2,2
2011-02-14 05:00:00,0,3,3
2011-02-14 06:00:00,1,25,26
2011-02-14 07:00:00,2,96,98
2011-02-14 08:00:00,7,249,256
2011-02-14 09:00:00,8,122,130
2011-02-14 10:00:00,9,46,55
2011-02-14 11:00:00,10,43,53
2011-02-14 12:00:00,27,99,126
2011-02-14 13:00:00,27,93,120
2011-02-14 14:00:00,14,76,90
2011-02-14 15:00:00,19,71,90
2011-02-14 16:00:00,16,102,118
2011-02-14 17:00:00,25,218,243
2011-02-14 18:00:00,11,194,205
2011-02-14 19:00:00,12,86,98
2011-02-14 20:00:00,5,65,70
2011-02-14 21:00:00,8,35,43
2011-02-14 22:00:00,1,44,45
2011-02-14 23:00:00,1,19,20
2011-02-15 00:00:00,7,12,19
2011-02-15 01:00:00,0,5,5
2011-02-15 02:00:00,1,2,3
2011-02-15 04:00:00,0,1,1
2011-02-15 05:00:00,0,4,4
2011-02-15 06:00:00,0,30,30
2011-02-15 07:00:00,2,103,105
2011-02-15 08:00:00,10,213,223
2011-02-15 09:00:00,2,108,110
2011-02-15 10:00:00,5,47,52
2011-02-15 11:00:00,11,46,57
2011-02-15 12:00:00,6,65,71
2011-02-15 13:00:00,14,68,82
2011-02-15 14:00:00,10,69,79
2011-02-15 15:00:00,11,74,85
2011-02-15 16:00:00,21,77,98
2011-02-15 17:00:00,15,191,206
2011-02-15 18:00:00,14,198,212
2011-02-15 19:00:00,3,142,145
2011-02-15 20:00:00,3,98,101
2011-02-15 21:00:00,5,61,66
2011-02-15 22:00:00,0,41,41
2011-02-15 23:00:00,0,20,20
2011-02-16 00:00:00,0,15,15
2011-02-16 01:00:00,0,9,9
2011-02-16 03:00:00,0,1,1
2011-02-16 04:00:00,0,1,1
2011-02-16 05:00:00,0,5,5
2011-02-16 06:00:00,1,32,33
2011-02-16 07:00:00,5,103,108
2011-02-16 08:00:00,6,224,230
2011-02-16 09:00:00,2,122,124
2011-02-16 10:00:00,14,55,69
2011-02-16 11:00:00,7,59,66
2011-02-16 12:00:00,14,72,86
2011-02-16 13:00:00,13,80,93
2011-02-16 14:00:00,17,65,82
2011-02-16 15:00:00,35,82,117
2011-02-16 16:00:00,26,96,122
2011-02-16 17:00:00,11,244,255
2011-02-16 18:00:00,20,202,222
2011-02-16 19:00:00,18,143,161
2011-02-16 20:00:00,10,108,118
2011-02-16 21:00:00,5,87,92
2011-02-16 22:00:00,12,61,73
2011-02-16 23:00:00,2,31,33
2011-02-17 00:00:00,1,16,17
2011-02-17 01:00:00,0,6,6
2011-02-17 02:00:00,2,4,6
2011-02-17 03:00:00,3,1,4
2011-02-17 04:00:00,3,1,4
2011-02-17 05:00:00,1,11,12
2011-02-17 06:00:00,3,44,47
2011-02-17 07:00:00,7,119,126
2011-02-17 08:00:00,18,267,285
2011-02-17 09:00:00,16,163,179
2011-02-17 10:00:00,18,70,88
2011-02-17 11:00:00,19,71,90
2011-02-17 12:00:00,15,86,101
2011-02-17 13:00:00,15,108,123
2011-02-17 14:00:00,26,55,81
2011-02-17 15:00:00,15,91,106
2011-02-17 16:00:00,29,117,146
2011-02-17 17:00:00,18,256,274
2011-02-17 18:00:00,11,211,222
2011-02-17 19:00:00,14,161,175
2011-02-17 20:00:00,8,131,139
2011-02-17 21:00:00,5,119,124
2011-02-17 22:00:00,8,68,76
2011-02-17 23:00:00,4,40,44
2011-02-18 00:00:00,12,20,32
2011-02-18 01:00:00,1,7,8
2011-02-18 02:00:00,2,5,7
2011-02-18 03:00:00,2,6,8
2011-02-18 04:00:00,0,1,1
2011-02-18 05:00:00,1,6,7
2011-02-18 06:00:00,2,48,50
2011-02-18 07:00:00,8,108,116
2011-02-18 08:00:00,26,246,272
2011-02-18 09:00:00,15,154,169
2011-02-18 10:00:00,17,78,95
2011-02-18 11:00:00,31,82,113
2011-02-18 12:00:00,59,126,185
2011-02-18 13:00:00,45,131,176
2011-02-18 14:00:00,73,118,191
2011-02-18 15:00:00,55,117,172
2011-02-18 16:00:00,68,164,232
2011-02-18 17:00:00,52,275,327
2011-02-18 18:00:00,29,195,224
2011-02-18 19:00:00,16,146,162
2011-02-18 20:00:00,19,105,124
2011-02-18 21:00:00,11,61,72
2011-02-18 22:00:00,19,88,107
2011-02-18 23:00:00,16,61,77
2011-02-19 00:00:00,6,23,29
2011-02-19 01:00:00,10,21,31
2011-02-19 02:00:00,3,14,17
2011-02-19 03:00:00,0,7,7
2011-02-19 04:00:00,0,3,3
2011-02-19 05:00:00,0,3,3
2011-02-19 06:00:00,3,3,6
2011-02-19 07:00:00,6,16,22
2011-02-19 08:00:00,9,36,45
2011-02-19 09:00:00,18,37,55
2011-02-19 10:00:00,34,72,106
2011-02-19 11:00:00,47,76,123
2011-02-19 12:00:00,38,81,119
2011-02-19 13:00:00,52,103,155
2011-02-19 14:00:00,102,94,196
2011-02-19 15:00:00,84,87,171
2011-02-19 16:00:00,39,81,120
2011-02-19 17:00:00,36,91,127
2011-02-19 18:00:00,21,67,88
2011-02-19 19:00:00,5,54,59
2011-02-19 20:00:00,9,38,47
2011-02-19 21:00:00,4,29,33
2011-02-19 22:00:00,2,42,44
2011-02-19 23:00:00,4,25,29
2011-03-01 00:00:00,0,7,7
2011-03-01 01:00:00,0,3,3
2011-03-01 02:00:00,0,4,4
2011-03-01 03:00:00,0,2,2
2011-03-01 04:00:00,0,1,1
2011-03-01 05:00:00,1,1,2
2011-03-01 06:00:00,0,46,46
2011-03-01 07:00:00,2,105,107
2011-03-01 08:00:00,10,204,214
2011-03-01 09:00:00,8,116,124
2011-03-01 10:00:00,13,55,68
2011-03-01 11:00:00,8,48,56
2011-03-01 12:00:00,6,80,86
2011-03-01 13:00:00,13,65,78
2011-03-01 14:00:00,18,61,79
2011-03-01 15:00:00,7,57,64
2011-03-01 16:00:00,10,92,102
2011-03-01 17:00:00,12,230,242
2011-03-01 18:00:00,10,214,224
2011-03-01 19:00:00,4,115,119
2011-03-01 20:00:00,2,86,88
2011-03-01 21:00:00,8,55,63
2011-03-01 22:00:00,3,44,47
2011-03-01 23:00:00,2,23,25
2011-03-02 00:00:00,3,5,8
2011-03-02 01:00:00,0,4,4
2011-03-02 02:00:00,0,2,2
2011-03-02 03:00:00,3,1,4
2011-03-02 04:00:00,1,0,1
2011-03-02 05:00:00,0,5,5
2011-03-02 06:00:00,1,39,40
2011-03-02 07:00:00,2,108,110
2011-03-02 08:00:00,13,243,256
2011-03-02 09:00:00,7,141,148
2011-03-02 10:00:00,11,65,76
2011-03-02 11:00:00,8,65,73
2011-03-02 12:00:00,20,62,82
2011-03-02 13:00:00,35,90,125
2011-03-02 14:00:00,21,75,96
2011-03-02 15:00:00,19,91,110
2011-03-02 16:00:00,27,112,139
2011-03-02 17:00:00,30,238,268
2011-03-02 18:00:00,8,193,201
2011-03-02 19:00:00,6,144,150
2011-03-02 20:00:00,9,86,95
2011-03-02 21:00:00,3,68,71
2011-03-02 22:00:00,4,44,48
2011-03-02 23:00:00,0,22,22
2011-03-03 00:00:00,3,10,13
2011-03-03 01:00:00,0,1,1
2011-03-03 02:00:00,1,2,3
2011-03-03 03:00:00,0,1,1
2011-03-03 04:00:00,0,1,1
2011-03-03 05:00:00,1,7,8
2011-03-03 06:00:00,1,34,35
2011-03-03 07:00:00,1,110,111
2011-03-03 08:00:00,4,216,220
2011-03-03 09:00:00,10,135,145
2011-03-03 10:00:00,7,49,56
2011-03-03 11:00:00,10,40,50
2011-03-03 12:00:00,7,65,72
2011-03-03 13:00:00,13,67,80
2011-03-03 14:00:00,18,60,78
2011-03-03 15:00:00,6,62,68
2011-03-03 16:00:00,6,65,71
2011-03-03 17:00:00,17,185,202
2011-03-03 18:00:00,6,161,167
2011-03-03 19:00:00,5,101,106
2011-03-03 20:00:00,1,69,70
2011-03-03 21:00:00,3,48,51
2011-03-03 22:00:00,3,50,53
2011-03-03 23:00:00,0,23,23
2011-03-04 00:00:00,0,12,12
2011-03-04 01:00:00,0,4,4
2011-03-04 02:00:00,0,2,2
2011-03-04 03:00:00,0,1,1
2011-03-04 04:00:00,1,0,1
2011-03-04 05:00:00,0,7,7
2011-03-04 06:00:00,1,28,29
2011-03-04 07:00:00,0,83,83
2011-03-04 08:00:00,6,222,228
2011-03-04 09:00:00,12,138,150
2011-03-04 10:00:00,10,56,66
2011-03-04 11:00:00,16,73,89
2011-03-04 12:00:00,10,87,97
2011-03-04 13:00:00,13,74,87
2011-03-04 14:00:00,30,65,95
2011-03-04 15:00:00,31,75,106
2011-03-04 16:00:00,17,101,118
2011-03-04 17:00:00,22,206,228
2011-03-04 18:00:00,15,172,187
2011-03-04 19:00:00,5,102,107
2011-03-04 20:00:00,9,78,87
2011-03-04 21:00:00,6,64,70
2011-03-04 22:00:00,4,40,44
2011-03-04 23:00:00,6,40,46
2011-03-05 00:00:00,4,15,19
2011-03-05 01:00:00,5,20,25
2011-03-05 02:00:00,5,15,20
2011-03-05 03:00:00,0,2,2
2011-03-05 04:00:00,0,1,1
2011-03-05 05:00:00,0,3,3
2011-03-05 06:00:00,1,3,4
2011-03-05 07:00:00,5,10,15
2011-03-05 08:00:00,11,34,45
2011-03-05 09:00:00,15,48,63
2011-03-05 10:00:00,34,69,103
2011-03-05 11:00:00,43,116,159
2011-03-05 12:00:00,46,121,167
2011-03-05 13:00:00,60,130,190
2011-03-05 14:00:00,80,118,198
2011-03-05 15:00:00,83,122,205
2011-03-05 16:00:00,74,130,204
2011-03-05 17:00:00,60,104,164
2011-03-05 18:00:00,37,115,152
2011-03-05 19:00:00,27,62,89
2011-03-05 20:00:00,12,58,70
2011-03-05 21:00:00,12,60,72
2011-03-05 22:00:00,16,47,63
2011-03-05 23:00:00,10,34,44
2011-03-06 00:00:00,11,41,52
2011-03-06 01:00:00,12,27,39
2011-03-06 02:00:00,5,27,32
2011-03-06 03:00:00,2,9,11
2011-03-06 04:00:00,0,3,3
2011-03-06 06:00:00,1,1,2
2011-03-06 07:00:00,0,5,5
2011-03-06 08:00:00,1,8,9
2011-03-06 09:00:00,4,18,22
2011-03-06 10:00:00,4,27,31
2011-03-06 11:00:00,18,44,62
2011-03-06 12:00:00,10,69,79
2011-03-06 13:00:00,22,83,105
2011-03-06 14:00:00,12,27,39
2011-03-06 15:00:00,3,4,7
2011-03-06 16:00:00,3,8,11
2011-03-06 17:00:00,2,23,25
2011-03-06 18:00:00,0,23,23
2011-03-06 19:00:00,0,11,11
2011-03-06 20:00:00,3,8,11
2011-03-06 21:00:00,1,6,7
2011-03-06 22:00:00,0,10,10
2011-03-06 23:00:00,0,9,9
2011-03-07 00:00:00,0,4,4
2011-03-07 01:00:00,0,2,2
2011-03-07 03:00:00,0,1,1
2011-03-07 04:00:00,1,0,1
2011-03-07 05:00:00,0,1,1
2011-03-07 06:00:00,3,31,34
2011-03-07 07:00:00,3,88,91
2011-03-07 08:00:00,11,200,211
2011-03-07 09:00:00,5,129,134
2011-03-07 10:00:00,15,43,58
2011-03-07 11:00:00,19,41,60
2011-03-07 12:00:00,28,68,96
2011-03-07 13:00:00,16,54,70
2011-03-07 14:00:00,21,56,77
2011-03-07 15:00:00,32,64,96
2011-03-07 16:00:00,26,96,122
2011-03-07 17:00:00,27,206,233
2011-03-07 18:00:00,19,214,233
2011-03-07 19:00:00,11,134,145
2011-03-07 20:00:00,5,87,92
2011-03-07 21:00:00,1,53,54
2011-03-07 22:00:00,1,34,35
2011-03-07 23:00:00,0,22,22
2011-03-08 00:00:00,1,9,10
2011-03-08 01:00:00,0,4,4
2011-03-08 02:00:00,1,0,1
2011-03-08 03:00:00,5,2,7
2011-03-08 04:00:00,0,2,2
2011-03-08 05:00:00,2,8,10
2011-03-08 06:00:00,3,42,45
2011-03-08 07:00:00,9,119,128
2011-03-08 08:00:00,10,247,257
2011-03-08 09:00:00,11,140,151
2011-03-08 10:00:00,25,46,71
2011-03-08 11:00:00,26,52,78
2011-03-08 12:00:00,29,70,99
2011-03-08 13:00:00,25,73,98
2011-03-08 14:00:00,16,56,72
2011-03-08 15:00:00,35,77,112
2011-03-08 16:00:00,26,82,108
2011-03-08 17:00:00,39,209,248
2011-03-08 18:00:00,21,214,235
2011-03-08 19:00:00,9,141,150
2011-03-08 20:00:00,2,74,76
2011-03-08 21:00:00,7,68,75
2011-03-08 22:00:00,11,44,55
2011-03-08 23:00:00,3,38,41
2011-03-09 00:00:00,0,9,9
2011-03-09 01:00:00,0,4,4
2011-03-09 02:00:00,1,1,2
2011-03-09 03:00:00,1,2,3
2011-03-09 04:00:00,0,2,2
2011-03-09 05:00:00,1,7,8
2011-03-09 06:00:00,5,44,49
2011-03-09 07:00:00,18,123,141
2011-03-09 08:00:00,11,238,249
2011-03-09 09:00:00,5,136,141
2011-03-09 10:00:00,8,49,57
2011-03-09 11:00:00,15,44,59
2011-03-09 12:00:00,14,84,98
2011-03-09 13:00:00,17,82,99
2011-03-09 14:00:00,10,61,71
2011-03-09 15:00:00,15,64,79
2011-03-09 16:00:00,10,102,112
2011-03-09 17:00:00,18,176,194
2011-03-09 18:00:00,12,176,188
2011-03-09 19:00:00,11,123,134
2011-03-09 20:00:00,4,87,91
2011-03-09 21:00:00,10,52,62
2011-03-09 22:00:00,4,17,21
2011-03-09 23:00:00,1,17,18
2011-03-10 00:00:00,3,0,3
2011-03-10 01:00:00,0,2,2
2011-03-10 02:00:00,0,1,1
2011-03-10 05:00:00,1,2,3
2011-03-10 06:00:00,0,12,12
2011-03-10 07:00:00,1,36,37
2011-03-10 08:00:00,1,43,44
2011-03-10 09:00:00,1,23,24
2011-03-10 10:00:00,0,17,17
2011-03-10 11:00:00,6,5,11
2011-03-10 12:00:00,4,30,34
2011-03-10 13:00:00,1,11,12
2011-03-10 14:00:00,0,12,12
2011-03-10 15:00:00,3,11,14
2011-03-10 16:00:00,1,20,21
2011-03-10 17:00:00,2,109,111
2011-03-10 18:00:00,2,80,82
2011-03-10 19:00:00,5,51,56
2011-03-10 20:00:00,9,29,38
2011-03-10 21:00:00,1,27,28
2011-03-10 22:00:00,4,30,34
2011-03-10 23:00:00,1,26,27
2011-03-11 00:00:00,0,6,6
2011-03-11 01:00:00,0,8,8
2011-03-11 02:00:00,2,3,5
2011-03-11 03:00:00,0,2,2
2011-03-11 05:00:00,1,6,7
2011-03-11 06:00:00,1,31,32
2011-03-11 07:00:00,10,104,114
2011-03-11 08:00:00,15,244,259
2011-03-11 09:00:00,13,143,156
2011-03-11 10:00:00,18,60,78
2011-03-11 11:00:00,14,67,81
2011-03-11 12:00:00,15,96,111
2011-03-11 13:00:00,15,92,107
2011-03-11 14:00:00,25,64,89
2011-03-11 15:00:00,21,64,85
2011-03-11 16:00:00,18,95,113
2011-03-11 17:00:00,23,200,223
2011-03-11 18:00:00,19,134,153
2011-03-11 19:00:00,7,111,118
2011-03-11 20:00:00,6,70,76
2011-03-11 21:00:00,10,43,53
2011-03-11 22:00:00,11,53,64
2011-03-11 23:00:00,3,34,37
2011-03-12 00:00:00,4,30,34
2011-03-12 01:00:00,3,15,18
2011-03-12 02:00:00,0,14,14
2011-03-12 03:00:00,1,6,7
2011-03-12 04:00:00,0,1,1
2011-03-12 05:00:00,0,2,2
2011-03-12 06:00:00,2,2,4
2011-03-12 07:00:00,4,19,23
2011-03-12 08:00:00,9,44,53
2011-03-12 09:00:00,25,76,101
2011-03-12 10:00:00,21,78,99
2011-03-12 11:00:00,36,83,119
2011-03-12 12:00:00,51,107,158
2011-03-12 13:00:00,62,95,157
2011-03-12 14:00:00,70,96,166
2011-03-12 15:00:00,81,101,182
2011-03-12 16:00:00,100,144,244
2011-03-12 17:00:00,99,114,213
2011-03-12 18:00:00,54,91,145
2011-03-12 19:00:00,26,86,112
2011-03-12 20:00:00,22,64,86
2011-03-12 21:00:00,36,46,82
2011-03-12 22:00:00,7,56,63
2011-03-12 23:00:00,11,38,49
2011-03-13 00:00:00,3,35,38
2011-03-13 01:00:00,10,23,33
2011-03-13 03:00:00,6,17,23
2011-03-13 04:00:00,4,9,13
2011-03-13 05:00:00,0,3,3
2011-03-13 06:00:00,0,2,2
2011-03-13 07:00:00,2,8,10
2011-03-13 08:00:00,11,23,34
2011-03-13 09:00:00,8,36,44
2011-03-13 10:00:00,36,86,122
2011-03-13 11:00:00,88,93,181
2011-03-13 12:00:00,74,120,194
2011-03-13 13:00:00,97,124,221
2011-03-13 14:00:00,144,106,250
2011-03-13 15:00:00,149,155,304
2011-03-13 16:00:00,124,132,256
2011-03-13 17:00:00,98,143,241
2011-03-13 18:00:00,55,92,147
2011-03-13 19:00:00,28,73,101
2011-03-13 20:00:00,23,54,77
2011-03-13 21:00:00,9,49,58
2011-03-13 22:00:00,8,29,37
2011-03-13 23:00:00,5,23,28
2011-03-14 00:00:00,4,7,11
2011-03-14 01:00:00,0,1,1
2011-03-14 02:00:00,0,1,1
2011-03-14 03:00:00,0,3,3
2011-03-14 05:00:00,0,8,8
2011-03-14 06:00:00,1,27,28
2011-03-14 07:00:00,4,84,88
2011-03-14 08:00:00,24,217,241
2011-03-14 09:00:00,13,127,140
2011-03-14 10:00:00,27,57,84
2011-03-14 11:00:00,26,45,71
2011-03-14 12:00:00,40,54,94
2011-03-14 13:00:00,24,51,75
2011-03-14 14:00:00,27,52,79
2011-03-14 15:00:00,24,77,101
2011-03-14 16:00:00,27,80,107
2011-03-14 17:00:00,42,229,271
2011-03-14 18:00:00,25,210,235
2011-03-14 19:00:00,17,133,150
2011-03-14 20:00:00,23,106,129
2011-03-14 21:00:00,5,58,63
2011-03-14 22:00:00,4,43,47
2011-03-14 23:00:00,2,17,19
2011-03-15 00:00:00,7,7,14
2011-03-15 01:00:00,4,6,10
2011-03-15 02:00:00,1,2,3
2011-03-15 04:00:00,1,1,2
2011-03-15 05:00:00,0,11,11
2011-03-15 06:00:00,3,32,35
2011-03-15 07:00:00,10,109,119
2011-03-15 08:00:00,23,259,282
2011-03-15 09:00:00,10,147,157
2011-03-15 10:00:00,22,56,78
2011-03-15 11:00:00,27,51,78
2011-03-15 12:00:00,32,70,102
2011-03-15 13:00:00,23,74,97
2011-03-15 14:00:00,14,74,88
2011-03-15 15:00:00,24,66,90
2011-03-15 16:00:00,21,93,114
2011-03-15 17:00:00,22,195,217
2011-03-15 18:00:00,18,207,225
2011-03-15 19:00:00,14,138,152
2011-03-15 20:00:00,9,79,88
2011-03-15 21:00:00,2,53,55
2011-03-15 22:00:00,1,20,21
2011-03-15 23:00:00,1,17,18
2011-03-16 00:00:00,0,8,8
2011-03-16 01:00:00,1,2,3
2011-03-16 03:00:00,1,2,3
2011-03-16 04:00:00,0,1,1
2011-03-16 05:00:00,0,3,3
2011-03-16 06:00:00,1,30,31
2011-03-16 07:00:00,10,101,111
2011-03-16 08:00:00,26,227,253
2011-03-16 09:00:00,10,144,154
2011-03-16 10:00:00,19,49,68
2011-03-16 11:00:00,13,62,75
2011-03-16 12:00:00,23,65,88
2011-03-16 13:00:00,18,81,99
2011-03-16 14:00:00,33,67,100
2011-03-16 15:00:00,22,79,101
2011-03-16 16:00:00,30,121,151
2011-03-16 17:00:00,37,216,253
2011-03-16 18:00:00,26,211,237
2011-03-16 19:00:00,18,150,168
2011-03-16 20:00:00,10,111,121
2011-03-16 21:00:00,3,75,78
2011-03-16 22:00:00,11,48,59
2011-03-16 23:00:00,9,18,27
2011-03-17 00:00:00,4,19,23
2011-03-17 01:00:00,1,11,12
2011-03-17 02:00:00,3,5,8
2011-03-17 03:00:00,1,1,2
2011-03-17 04:00:00,0,3,3
2011-03-17 05:00:00,0,13,13
2011-03-17 06:00:00,4,47,51
2011-03-17 07:00:00,12,128,140
2011-03-17 08:00:00,17,282,299
2011-03-17 09:00:00,23,162,185
2011-03-17 10:00:00,9,69,78
2011-03-17 11:00:00,20,66,86
2011-03-17 12:00:00,24,81,105
2011-03-17 13:00:00,26,85,111
2011-03-17 14:00:00,32,87,119
2011-03-17 15:00:00,30,95,125
2011-03-17 16:00:00,34,108,142
2011-03-17 17:00:00,48,265,313
2011-03-17 18:00:00,50,260,310
2011-03-17 19:00:00,18,189,207
2011-03-17 20:00:00,25,112,137
2011-03-17 21:00:00,19,119,138
2011-03-17 22:00:00,17,70,87
2011-03-17 23:00:00,7,43,50
2011-03-18 00:00:00,5,24,29
2011-03-18 01:00:00,4,12,16
2011-03-18 02:00:00,5,9,14
2011-03-18 03:00:00,1,4,5
2011-03-18 05:00:00,2,8,10
2011-03-18 06:00:00,1,35,36
2011-03-18 07:00:00,11,112,123
2011-03-18 08:00:00,24,256,280
2011-03-18 09:00:00,18,192,210
2011-03-18 10:00:00,43,74,117
2011-03-18 11:00:00,55,104,159
2011-03-18 12:00:00,72,123,195
2011-03-18 13:00:00,57,118,175
2011-03-18 14:00:00,71,103,174
2011-03-18 15:00:00,62,111,173
2011-03-18 16:00:00,67,137,204
2011-03-18 17:00:00,95,237,332
2011-03-18 18:00:00,84,247,331
2011-03-18 19:00:00,58,132,190
2011-03-18 20:00:00,46,103,149
2011-03-18 21:00:00,22,91,113
2011-03-18 22:00:00,55,63,118
2011-03-18 23:00:00,26,60,86
2011-03-19 00:00:00,26,50,76
2011-03-19 01:00:00,16,35,51
2011-03-19 02:00:00,5,20,25
2011-03-19 03:00:00,1,7,8
2011-03-19 04:00:00,1,2,3
2011-03-19 05:00:00,0,2,2
2011-03-19 06:00:00,0,10,10
2011-03-19 07:00:00,4,9,13
2011-03-19 08:00:00,11,37,48
2011-03-19 09:00:00,35,41,76
2011-03-19 10:00:00,55,85,140
2011-03-19 11:00:00,90,106,196
2011-03-19 12:00:00,126,141,267
2011-03-19 13:00:00,174,127,301
2011-03-19 14:00:00,168,144,312
2011-03-19 15:00:00,170,143,313
2011-03-19 16:00:00,175,129,304
2011-03-19 17:00:00,138,140,278
2011-03-19 18:00:00,92,125,217
2011-03-19 19:00:00,38,116,154
2011-03-19 20:00:00,39,69,108
2011-03-19 21:00:00,20,73,93
2011-03-19 22:00:00,27,45,72
2011-03-19 23:00:00,13,37,50
2011-04-01 00:00:00,0,6,6
2011-04-01 01:00:00,0,4,4
2011-04-01 02:00:00,0,7,7
2011-04-01 03:00:00,0,4,4
2011-04-01 04:00:00,0,3,3
2011-04-01 05:00:00,1,11,12
2011-04-01 06:00:00,2,26,28
2011-04-01 07:00:00,4,91,95
2011-04-01 08:00:00,8,198,206
2011-04-01 09:00:00,11,162,173
2011-04-01 10:00:00,12,63,75
2011-04-01 11:00:00,17,72,89
2011-04-01 12:00:00,15,80,95
2011-04-01 13:00:00,18,92,110
2011-04-01 14:00:00,26,61,87
2011-04-01 15:00:00,30,81,111
2011-04-01 16:00:00,42,125,167
2011-04-01 17:00:00,36,245,281
2011-04-01 18:00:00,36,205,241
2011-04-01 19:00:00,16,120,136
2011-04-01 20:00:00,2,75,77
2011-04-01 21:00:00,9,84,93
2011-04-01 22:00:00,10,64,74
2011-04-01 23:00:00,12,41,53
2011-04-02 00:00:00,3,29,32
2011-04-02 01:00:00,4,28,32
2011-04-02 02:00:00,1,20,21
2011-04-02 03:00:00,1,8,9
2011-04-02 04:00:00,0,5,5
2011-04-02 05:00:00,1,4,5
2011-04-02 06:00:00,5,7,12
2011-04-02 07:00:00,2,16,18
2011-04-02 08:00:00,10,45,55
2011-04-02 09:00:00,22,65,87
2011-04-02 10:00:00,41,113,154
2011-04-02 11:00:00,72,126,198
2011-04-02 12:00:00,84,100,184
2011-04-02 13:00:00,56,81,137
2011-04-02 14:00:00,97,93,190
2011-04-02 15:00:00,72,64,136
2011-04-02 16:00:00,111,85,196
2011-04-02 17:00:00,89,95,184
2011-04-02 18:00:00,69,110,179
2011-04-02 19:00:00,71,77,148
2011-04-02 20:00:00,29,56,85
2011-04-02 21:00:00,24,53,77
2011-04-02 22:00:00,14,41,55
2011-04-02 23:00:00,20,33,53
2011-04-03 00:00:00,8,31,39
2011-04-03 01:00:00,8,26,34
2011-04-03 02:00:00,5,19,24
2011-04-03 03:00:00,3,8,11
2011-04-03 04:00:00,3,0,3
2011-04-03 05:00:00,1,4,5
2011-04-03 06:00:00,10,23,33
2011-04-03 07:00:00,13,20,33
2011-04-03 08:00:00,18,44,62
2011-04-03 09:00:00,68,74,142
2011-04-03 10:00:00,111,104,215
2011-04-03 11:00:00,139,104,243
2011-04-03 12:00:00,166,147,313
2011-04-03 13:00:00,219,148,367
2011-04-03 14:00:00,240,109,349
2011-04-03 15:00:00,174,118,292
2011-04-03 16:00:00,147,156,303
2011-04-03 17:00:00,148,126,274
2011-04-03 18:00:00,71,101,172
2011-04-03 19:00:00,51,93,144
2011-04-03 20:00:00,24,55,79
2011-04-03 21:00:00,8,37,45
2011-04-03 22:00:00,7,29,36
2011-04-03 23:00:00,9,22,31
2011-04-04 00:00:00,1,5,6
2011-04-04 01:00:00,7,4,11
2011-04-04 02:00:00,1,1,2
2011-04-04 03:00:00,1,0,1
2011-04-04 04:00:00,1,1,2
2011-04-04 05:00:00,0,7,7
2011-04-04 06:00:00,3,43,46
2011-04-04 07:00:00,7,150,157
2011-04-04 08:00:00,31,308,339
2011-04-04 09:00:00,24,134,158
2011-04-04 10:00:00,35,55,90
2011-04-04 11:00:00,58,66,124
2011-04-04 12:00:00,59,98,157
2011-04-04 13:00:00,47,92,139
2011-04-04 14:00:00,47,76,123
2011-04-04 15:00:00,47,96,143
2011-04-04 16:00:00,59,130,189
2011-04-04 17:00:00,83,283,366
2011-04-04 18:00:00,78,308,386
2011-04-04 19:00:00,51,227,278
2011-04-04 20:00:00,40,133,173
2011-04-04 21:00:00,19,76,95
2011-04-04 22:00:00,17,58,75
2011-04-04 23:00:00,18,30,48
2011-04-05 00:00:00,10,12,22
2011-04-05 01:00:00,10,5,15
2011-04-05 02:00:00,0,5,5
2011-04-05 03:00:00,1,3,4
2011-04-05 04:00:00,0,2,2
2011-04-05 05:00:00,0,5,5
2011-04-05 06:00:00,2,36,38
2011-04-05 07:00:00,10,124,134
2011-04-05 08:00:00,9,148,157
2011-04-05 09:00:00,2,44,46
2011-04-05 10:00:00,3,25,28
2011-04-05 11:00:00,1,18,19
2011-04-05 12:00:00,6,32,38
2011-04-05 13:00:00,5,51,56
2011-04-05 14:00:00,9,67,76
2011-04-05 15:00:00,6,62,68
2011-04-05 16:00:00,17,113,130
2011-04-05 17:00:00,27,246,273
2011-04-05 18:00:00,19,248,267
2011-04-05 19:00:00,12,148,160
2011-04-05 20:00:00,4,87,91
2011-04-05 21:00:00,8,81,89
2011-04-05 22:00:00,3,43,46
2011-04-05 23:00:00,3,23,26
2011-04-06 00:00:00,0,15,15
2011-04-06 01:00:00,0,2,2
2011-04-06 02:00:00,0,5,5
2011-04-06 03:00:00,0,4,4
2011-04-06 04:00:00,0,1,1
2011-04-06 05:00:00,1,12,13
2011-04-06 06:00:00,4,52,56
2011-04-06 07:00:00,3,130,133
2011-04-06 08:00:00,17,308,325
2011-04-06 09:00:00,8,157,165
2011-04-06 10:00:00,21,48,69
2011-04-06 11:00:00,23,70,93
2011-04-06 12:00:00,22,112,134
2011-04-06 13:00:00,29,83,112
2011-04-06 14:00:00,35,80,115
2011-04-06 15:00:00,34,83,117
2011-04-06 16:00:00,27,142,169
2011-04-06 17:00:00,53,303,356
2011-04-06 18:00:00,43,282,325
2011-04-06 19:00:00,36,196,232
2011-04-06 20:00:00,15,126,141
2011-04-06 21:00:00,18,84,102
2011-04-06 22:00:00,13,71,84
2011-04-06 23:00:00,11,29,40
2011-04-07 00:00:00,5,15,20
2011-04-07 01:00:00,2,11,13
2011-04-07 02:00:00,0,7,7
2011-04-07 03:00:00,0,3,3
2011-04-07 04:00:00,0,1,1
2011-04-07 05:00:00,0,6,6
2011-04-07 06:00:00,5,59,64
2011-04-07 07:00:00,8,152,160
2011-04-07 08:00:00,23,291,314
2011-04-07 09:00:00,15,155,170
2011-04-07 10:00:00,29,66,95
2011-04-07 11:00:00,36,86,122
2011-04-07 12:00:00,39,114,153
2011-04-07 13:00:00,36,99,135
2011-04-07 14:00:00,46,111,157
2011-04-07 15:00:00,27,133,160
2011-04-07 16:00:00,52,161,213
2011-04-07 17:00:00,63,280,343
2011-04-07 18:00:00,68,265,333
2011-04-07 19:00:00,34,192,226
2011-04-07 20:00:00,37,166,203
2011-04-07 21:00:00,19,89,108
2011-04-07 22:00:00,18,63,81
2011-04-07 23:00:00,9,45,54
2011-04-08 00:00:00,4,21,25
2011-04-08 01:00:00,3,6,9
2011-04-08 02:00:00,3,10,13
2011-04-08 03:00:00,0,1,1
2011-04-08 04:00:00,0,1,1
2011-04-08 05:00:00,1,8,9
2011-04-08 06:00:00,2,33,35
2011-04-08 07:00:00,4,109,113
2011-04-08 08:00:00,13,208,221
2011-04-08 09:00:00,17,168,185
2011-04-08 10:00:00,10,63,73
2011-04-08 11:00:00,19,79,98
2011-04-08 12:00:00,29,51,80
2011-04-08 13:00:00,7,35,42
2011-04-08 14:00:00,2,13,15
2011-04-08 15:00:00,1,24,25
2011-04-08 16:00:00,2,58,60
2011-04-08 17:00:00,10,138,148
2011-04-08 18:00:00,8,54,62
2011-04-08 19:00:00,1,52,53
2011-04-08 20:00:00,12,51,63
2011-04-08 21:00:00,11,43,54
2011-04-08 22:00:00,9,42,51
2011-04-08 23:00:00,4,31,35
2011-04-09 00:00:00,5,26,31
2011-04-09 01:00:00,3,17,20
2011-04-09 02:00:00,2,15,17
2011-04-09 03:00:00,3,11,14
2011-04-09 04:00:00,0,3,3
2011-04-09 05:00:00,0,5,5
2011-04-09 06:00:00,0,13,13
2011-04-09 07:00:00,8,13,21
2011-04-09 08:00:00,7,47,54
2011-04-09 09:00:00,27,71,98
2011-04-09 10:00:00,43,90,133
2011-04-09 11:00:00,51,91,142
2011-04-09 12:00:00,79,123,202
2011-04-09 13:00:00,114,108,222
2011-04-09 14:00:00,94,118,212
2011-04-09 15:00:00,85,116,201
2011-04-09 16:00:00,73,118,191
2011-04-09 17:00:00,128,129,257
2011-04-09 18:00:00,48,129,177
2011-04-09 19:00:00,47,83,130
2011-04-09 20:00:00,19,74,93
2011-04-09 21:00:00,10,65,75
2011-04-09 22:00:00,21,66,87
2011-04-09 23:00:00,12,45,57
2011-04-10 00:00:00,5,48,53
2011-04-10 01:00:00,6,31,37
2011-04-10 02:00:00,12,24,36
2011-04-10 03:00:00,5,11,16
2011-04-10 04:00:00,3,2,5
2011-04-10 05:00:00,0,4,4
2011-04-10 06:00:00,0,4,4
2011-04-10 07:00:00,3,7,10
2011-04-10 08:00:00,17,38,55
2011-04-10 09:00:00,31,50,81
2011-04-10 10:00:00,69,81,150
2011-04-10 11:00:00,93,109,202
2011-04-10 12:00:00,94,136,230
2011-04-10 13:00:00,121,142,263
2011-04-10 14:00:00,148,133,281
2011-04-10 15:00:00,156,141,297
2011-04-10 16:00:00,135,153,288
2011-04-10 17:00:00,84,152,236
2011-04-10 18:00:00,103,137,240
2011-04-10 19:00:00,47,84,131
2011-04-10 20:00:00,21,71,92
2011-04-10 21:00:00,18,77,95
2011-04-10 22:00:00,12,45,57
2011-04-10 23:00:00,5,27,32
2011-04-11 00:00:00,7,16,23
2011-04-11 01:00:00,1,3,4
2011-04-11 02:00:00,7,2,9
2011-04-11 04:00:00,0,1,1
2011-04-11 05:00:00,1,12,13
2011-04-11 06:00:00,2,59,61
2011-04-11 07:00:00,12,164,176
2011-04-11 08:00:00,28,286,314
2011-04-11 09:00:00,33,132,165
2011-04-11 10:00:00,41,55,96
2011-04-11 11:00:00,45,59,104
2011-04-11 12:00:00,37,97,134
2011-04-11 13:00:00,62,77,139
2011-04-11 14:00:00,60,85,145
2011-04-11 15:00:00,56,85,141
2011-04-11 16:00:00,73,162,235
2011-04-11 17:00:00,100,352,452
2011-04-11 18:00:00,93,290,383
2011-04-11 19:00:00,73,211,284
2011-04-11 20:00:00,44,122,166
2011-04-11 21:00:00,39,119,158
2011-04-11 22:00:00,25,66,91
2011-04-11 23:00:00,16,38,54
2011-04-12 00:00:00,11,13,24
2011-04-12 01:00:00,6,7,13
2011-04-12 02:00:00,7,7,14
2011-04-12 03:00:00,0,1,1
2011-04-12 04:00:00,4,2,6
2011-04-12 05:00:00,1,15,16
2011-04-12 06:00:00,3,55,58
2011-04-12 07:00:00,12,177,189
2011-04-12 08:00:00,15,211,226
2011-04-12 09:00:00,4,50,54
2011-04-12 10:00:00,6,34,40
2011-04-12 11:00:00,11,38,49
2011-04-12 12:00:00,9,83,92
2011-04-12 13:00:00,22,84,106
2011-04-12 14:00:00,16,28,44
2011-04-12 15:00:00,24,54,78
2011-04-12 16:00:00,19,80,99
2011-04-12 17:00:00,29,262,291
2011-04-12 18:00:00,21,203,224
2011-04-12 19:00:00,3,127,130
2011-04-12 20:00:00,9,94,103
2011-04-12 21:00:00,10,74,84
2011-04-12 22:00:00,7,47,54
2011-04-12 23:00:00,8,31,39
2011-04-13 00:00:00,3,12,15
2011-04-13 01:00:00,0,1,1
2011-04-13 02:00:00,0,2,2
2011-04-13 03:00:00,0,2,2
2011-04-13 04:00:00,1,2,3
2011-04-13 05:00:00,1,4,5
2011-04-13 06:00:00,1,33,34
2011-04-13 07:00:00,3,67,70
2011-04-13 08:00:00,6,158,164
2011-04-13 09:00:00,2,63,65
2011-04-13 10:00:00,4,42,46
2011-04-13 11:00:00,4,57,61
2011-04-13 12:00:00,12,83,95
2011-04-13 13:00:00,6,55,61
2011-04-13 14:00:00,24,82,106
2011-04-13 15:00:00,12,69,81
2011-04-13 16:00:00,23,119,142
2011-04-13 17:00:00,25,284,309
2011-04-13 18:00:00,28,293,321
2011-04-13 19:00:00,15,160,175
2011-04-13 20:00:00,7,119,126
2011-04-13 21:00:00,17,100,117
2011-04-13 22:00:00,10,89,99
2011-04-13 23:00:00,5,57,62
2011-04-14 00:00:00,3,18,21
2011-04-14 01:00:00,1,9,10
2011-04-14 02:00:00,0,3,3
2011-04-14 03:00:00,0,2,2
2011-04-14 04:00:00,1,8,9
2011-04-14 05:00:00,2,12,14
2011-04-14 06:00:00,4,66,70
2011-04-14 07:00:00,11,182,193
2011-04-14 08:00:00,21,316,337
2011-04-14 09:00:00,18,152,170
2011-04-14 10:00:00,21,68,89
2011-04-14 11:00:00,28,87,115
2011-04-14 12:00:00,35,110,145
2011-04-14 13:00:00,38,121,159
2011-04-14 14:00:00,36,101,137
2011-04-14 15:00:00,57,85,142
2011-04-14 16:00:00,49,153,202
2011-04-14 17:00:00,50,338,388
2011-04-14 18:00:00,47,290,337
2011-04-14 19:00:00,37,222,259
2011-04-14 20:00:00,22,147,169
2011-04-14 21:00:00,19,126,145
2011-04-14 22:00:00,22,82,104
2011-04-14 23:00:00,7,40,47
2011-04-15 00:00:00,6,21,27
2011-04-15 01:00:00,6,9,15
2011-04-15 02:00:00,8,10,18
2011-04-15 03:00:00,0,3,3
2011-04-15 04:00:00,0,3,3
2011-04-15 05:00:00,2,11,13
2011-04-15 06:00:00,5,42,47
2011-04-15 07:00:00,10,139,149
2011-04-15 08:00:00,21,279,300
2011-04-15 09:00:00,16,162,178
2011-04-15 10:00:00,31,91,122
2011-04-15 11:00:00,41,95,136
2011-04-15 12:00:00,45,155,200
2011-04-15 13:00:00,47,133,180
2011-04-15 14:00:00,57,106,163
2011-04-15 15:00:00,50,112,162
2011-04-15 16:00:00,70,173,243
2011-04-15 17:00:00,64,267,331
2011-04-15 18:00:00,47,216,263
2011-04-15 19:00:00,41,168,209
2011-04-15 20:00:00,26,92,118
2011-04-15 21:00:00,25,77,102
2011-04-15 22:00:00,16,64,80
2011-04-15 23:00:00,8,56,64
2011-04-16 00:00:00,7,36,43
2011-04-16 01:00:00,5,28,33
2011-04-16 02:00:00,5,19,24
2011-04-16 03:00:00,5,9,14
2011-04-16 04:00:00,1,4,5
2011-04-16 05:00:00,1,3,4
2011-04-16 06:00:00,1,9,10
2011-04-16 07:00:00,3,18,21
2011-04-16 08:00:00,7,38,45
2011-04-16 09:00:00,2,27,29
2011-04-16 10:00:00,1,21,22
2011-04-16 11:00:00,4,27,31
2011-04-16 12:00:00,6,26,32
2011-04-16 13:00:00,9,49,58
2011-04-16 14:00:00,14,49,63
2011-04-16 15:00:00,16,62,78
2011-04-16 16:00:00,6,27,33
2011-04-16 17:00:00,1,14,15
2011-04-16 18:00:00,6,32,38
2011-04-16 19:00:00,9,62,71
2011-04-16 20:00:00,4,49,53
2011-04-16 21:00:00,1,13,14
2011-04-16 22:00:00,2,22,24
2011-04-16 23:00:00,5,30,35
2011-04-17 00:00:00,4,29,33
2011-04-17 01:00:00,6,25,31
2011-04-17 02:00:00,4,25,29
2011-04-17 03:00:00,12,13,25
2011-04-17 04:00:00,2,5,7
2011-04-17 05:00:00,2,1,3
2011-04-17 06:00:00,3,5,8
2011-04-17 07:00:00,2,14,16
2011-04-17 08:00:00,7,36,43
2011-04-17 09:00:00,31,71,102
2011-04-17 10:00:00,91,120,211
2011-04-17 11:00:00,119,185,304
2011-04-17 12:00:00,167,187,354
2011-04-17 13:00:00,181,162,343
2011-04-17 14:00:00,170,191,361
2011-04-17 15:00:00,179,209,388
2011-04-17 16:00:00,161,182,343
2011-04-17 17:00:00,143,163,306
2011-04-17 18:00:00,102,175,277
2011-04-17 19:00:00,75,135,210
2011-04-17 20:00:00,44,97,141
2011-04-17 21:00:00,13,70,83
2011-04-17 22:00:00,21,49,70
2011-04-17 23:00:00,19,37,56
2011-04-18 00:00:00,15,24,39
2011-04-18 01:00:00,11,8,19
2011-04-18 02:00:00,14,2,16
2011-04-18 03:00:00,6,1,7
2011-04-18 04:00:00,2,4,6
2011-04-18 05:00:00,0,16,16
2011-04-18 06:00:00,3,51,54
2011-04-18 07:00:00,12,156,168
2011-04-18 08:00:00,20,277,297
2011-04-18 09:00:00,37,132,169
2011-04-18 10:00:00,41,68,109
2011-04-18 11:00:00,36,87,123
2011-04-18 12:00:00,60,124,184
2011-04-18 13:00:00,41,128,169
2011-04-18 14:00:00,49,95,144
2011-04-18 15:00:00,64,112,176
2011-04-18 16:00:00,40,165,205
2011-04-18 17:00:00,66,362,428
2011-04-18 18:00:00,41,321,362
2011-04-18 19:00:00,42,244,286
2011-04-18 20:00:00,29,136,165
2011-04-18 21:00:00,20,131,151
2011-04-18 22:00:00,9,81,90
2011-04-18 23:00:00,11,35,46
2011-04-19 00:00:00,2,23,25
2011-04-19 01:00:00,5,2,7
2011-04-19 02:00:00,8,5,13
2011-04-19 03:00:00,0,3,3
2011-04-19 04:00:00,1,4,5
2011-04-19 05:00:00,1,17,18
2011-04-19 06:00:00,2,63,65
2011-04-19 07:00:00,22,166,188
2011-04-19 08:00:00,20,331,351
2011-04-19 09:00:00,23,139,162
2011-04-19 10:00:00,15,60,75
2011-04-19 11:00:00,19,53,72
2011-04-19 12:00:00,19,84,103
2011-04-19 13:00:00,26,103,129
2011-04-19 14:00:00,19,88,107
2011-04-19 15:00:00,44,83,127
2011-04-19 16:00:00,30,162,192
2011-04-19 17:00:00,39,372,411
2011-04-19 18:00:00,44,377,421
2011-04-19 19:00:00,28,248,276
2011-04-19 20:00:00,20,148,168
2011-04-19 21:00:00,8,114,122
2011-04-19 22:00:00,3,109,112
2011-04-19 23:00:00,11,41,52
2011-05-01 00:00:00,19,77,96
2011-05-01 01:00:00,9,50,59
2011-05-01 02:00:00,7,43,50
2011-05-01 03:00:00,8,15,23
2011-05-01 04:00:00,6,11,17
2011-05-01 05:00:00,0,10,10
2011-05-01 06:00:00,4,9,13
2011-05-01 07:00:00,7,26,33
2011-05-01 08:00:00,16,43,59
2011-05-01 09:00:00,45,96,141
2011-05-01 10:00:00,109,155,264
2011-05-01 11:00:00,109,141,250
2011-05-01 12:00:00,109,172,281
2011-05-01 13:00:00,123,209,332
2011-05-01 14:00:00,85,153,238
2011-05-01 15:00:00,113,153,266
2011-05-01 16:00:00,75,139,214
2011-05-01 17:00:00,60,136,196
2011-05-01 18:00:00,33,126,159
2011-05-01 19:00:00,47,131,178
2011-05-01 20:00:00,35,86,121
2011-05-01 21:00:00,23,82,105
2011-05-01 22:00:00,32,68,100
2011-05-01 23:00:00,64,82,146
2011-05-02 00:00:00,68,109,177
2011-05-02 01:00:00,41,73,114
2011-05-02 02:00:00,16,19,35
2011-05-02 03:00:00,9,7,16
2011-05-02 04:00:00,9,8,17
2011-05-02 05:00:00,4,16,20
2011-05-02 06:00:00,3,59,62
2011-05-02 07:00:00,16,193,209
2011-05-02 08:00:00,21,350,371
2011-05-02 09:00:00,41,131,172
2011-05-02 10:00:00,31,77,108
2011-05-02 11:00:00,34,96,130
2011-05-02 12:00:00,40,147,187
2011-05-02 13:00:00,51,119,170
2011-05-02 14:00:00,48,133,181
2011-05-02 15:00:00,45,110,155
2011-05-02 16:00:00,49,220,269
2011-05-02 17:00:00,65,472,537
2011-05-02 18:00:00,68,450,518
2011-05-02 19:00:00,46,268,314
2011-05-02 20:00:00,44,174,218
2011-05-02 21:00:00,54,178,232
2011-05-02 22:00:00,28,97,125
2011-05-02 23:00:00,16,48,64
2011-05-03 00:00:00,0,16,16
2011-05-03 01:00:00,0,14,14
2011-05-03 02:00:00,0,5,5
2011-05-03 03:00:00,0,2,2
2011-05-03 04:00:00,3,1,4
2011-05-03 05:00:00,0,14,14
2011-05-03 06:00:00,7,102,109
2011-05-03 07:00:00,17,248,265
2011-05-03 08:00:00,24,435,459
2011-05-03 09:00:00,29,157,186
2011-05-03 10:00:00,36,91,127
2011-05-03 11:00:00,20,120,140
2011-05-03 12:00:00,48,169,217
2011-05-03 13:00:00,50,144,194
2011-05-03 14:00:00,36,122,158
2011-05-03 15:00:00,37,117,154
2011-05-03 16:00:00,46,225,271
2011-05-03 17:00:00,53,464,517
2011-05-03 18:00:00,59,485,544
2011-05-03 19:00:00,42,323,365
2011-05-03 20:00:00,28,262,290
2011-05-03 21:00:00,42,183,225
2011-05-03 22:00:00,14,99,113
2011-05-03 23:00:00,12,50,62
2011-05-04 00:00:00,5,22,27
2011-05-04 01:00:00,1,6,7
2011-05-04 02:00:00,0,4,4
2011-05-04 03:00:00,0,1,1
2011-05-04 04:00:00,1,2,3
2011-05-04 05:00:00,1,8,9
2011-05-04 06:00:00,0,21,21
2011-05-04 07:00:00,6,46,52
2011-05-04 08:00:00,5,74,79
2011-05-04 09:00:00,5,35,40
2011-05-04 10:00:00,5,26,31
2011-05-04 11:00:00,3,69,72
2011-05-04 12:00:00,19,105,124
2011-05-04 13:00:00,15,128,143
2011-05-04 14:00:00,13,94,107
2011-05-04 15:00:00,22,107,129
2011-05-04 16:00:00,22,173,195
2011-05-04 17:00:00,22,388,410
2011-05-04 18:00:00,29,367,396
2011-05-04 19:00:00,30,266,296
2011-05-04 20:00:00,17,174,191
2011-05-04 21:00:00,17,133,150
2011-05-04 22:00:00,9,80,89
2011-05-04 23:00:00,8,49,57
2011-05-05 00:00:00,4,23,27
2011-05-05 01:00:00,4,6,10
2011-05-05 02:00:00,1,4,5
2011-05-05 03:00:00,0,4,4
2011-05-05 04:00:00,4,3,7
2011-05-05 05:00:00,1,29,30
2011-05-05 06:00:00,3,86,89
2011-05-05 07:00:00,16,255,271
2011-05-05 08:00:00,25,415,440
2011-05-05 09:00:00,20,164,184
2011-05-05 10:00:00,30,98,128
2011-05-05 11:00:00,43,105,148
2011-05-05 12:00:00,27,169,196
2011-05-05 13:00:00,50,142,192
2011-05-05 14:00:00,19,135,154
2011-05-05 15:00:00,27,120,147
2011-05-05 16:00:00,36,233,269
2011-05-05 17:00:00,66,467,533
2011-05-05 18:00:00,64,456,520
2011-05-05 19:00:00,56,305,361
2011-05-05 20:00:00,33,225,258
2011-05-05 21:00:00,39,141,180
2011-05-05 22:00:00,30,135,165
2011-05-05 23:00:00,16,99,115
2011-05-06 00:00:00,13,43,56
2011-05-06 01:00:00,8,24,32
2011-05-06 02:00:00,1,15,16
2011-05-06 03:00:00,3,6,9
2011-05-06 04:00:00,0,1,1
2011-05-06 05:00:00,0,16,16
2011-05-06 06:00:00,8,74,82
2011-05-06 07:00:00,20,202,222
2011-05-06 08:00:00,35,415,450
2011-05-06 09:00:00,27,161,188
2011-05-06 10:00:00,30,97,127
2011-05-06 11:00:00,42,123,165
2011-05-06 12:00:00,48,198,246
2011-05-06 13:00:00,71,182,253
2011-05-06 14:00:00,86,127,213
2011-05-06 15:00:00,89,171,260
2011-05-06 16:00:00,82,262,344
2011-05-06 17:00:00,83,470,553
2011-05-06 18:00:00,85,385,470
2011-05-06 19:00:00,39,253,292
2011-05-06 20:00:00,29,161,190
2011-05-06 21:00:00,22,130,152
2011-05-06 22:00:00,46,105,151
2011-05-06 23:00:00,27,93,120
2011-05-07 00:00:00,10,76,86
2011-05-07 01:00:00,8,50,58
2011-05-07 02:00:00,5,47,52
2011-05-07 03:00:00,9,9,18
2011-05-07 04:00:00,1,4,5
2011-05-07 05:00:00,4,3,7
2011-05-07 06:00:00,1,12,13
2011-05-07 07:00:00,8,32,40
2011-05-07 08:00:00,19,96,115
2011-05-07 09:00:00,54,164,218
2011-05-07 10:00:00,90,208,298
2011-05-07 11:00:00,132,215,347
2011-05-07 12:00:00,129,244,373
2011-05-07 13:00:00,196,240,436
2011-05-07 14:00:00,143,235,378
2011-05-07 15:00:00,148,230,378
2011-05-07 16:00:00,119,223,342
2011-05-07 17:00:00,138,216,354
2011-05-07 18:00:00,114,175,289
2011-05-07 19:00:00,88,179,267
2011-05-07 20:00:00,82,137,219
2011-05-07 21:00:00,58,124,182
2011-05-07 22:00:00,26,94,120
2011-05-07 23:00:00,30,89,119
2011-05-08 00:00:00,22,78,100
2011-05-08 01:00:00,8,56,64
2011-05-08 02:00:00,17,42,59
2011-05-08 03:00:00,10,21,31
2011-05-08 04:00:00,2,8,10
2011-05-08 05:00:00,0,5,5
2011-05-08 06:00:00,2,4,6
2011-05-08 07:00:00,8,15,23
2011-05-08 08:00:00,28,58,86
2011-05-08 09:00:00,48,112,160
2011-05-08 10:00:00,91,153,244
2011-05-08 11:00:00,142,198,340
2011-05-08 12:00:00,139,243,382
2011-05-08 13:00:00,166,224,390
2011-05-08 14:00:00,126,240,366
2011-05-08 15:00:00,128,230,358
2011-05-08 16:00:00,122,263,385
2011-05-08 17:00:00,106,245,351
2011-05-08 18:00:00,63,205,268
2011-05-08 19:00:00,61,178,239
2011-05-08 20:00:00,42,132,174
2011-05-08 21:00:00,32,95,127
2011-05-08 22:00:00,29,86,115
2011-05-08 23:00:00,9,41,50
2011-05-09 00:00:00,31,22,53
2011-05-09 01:00:00,25,8,33
2011-05-09 02:00:00,6,2,8
2011-05-09 03:00:00,0,7,7
2011-05-09 04:00:00,0,4,4
2011-05-09 05:00:00,0,23,23
2011-05-09 06:00:00,2,87,89
2011-05-09 07:00:00,16,221,237
2011-05-09 08:00:00,23,351,374
2011-05-09 09:00:00,36,142,178
2011-05-09 10:00:00,24,95,119
2011-05-09 11:00:00,26,99,125
2011-05-09 12:00:00,35,160,195
2011-05-09 13:00:00,36,138,174
2011-05-09 14:00:00,44,118,162
2011-05-09 15:00:00,51,148,199
2011-05-09 16:00:00,49,255,304
2011-05-09 17:00:00,59,539,598
2011-05-09 18:00:00,66,458,524
2011-05-09 19:00:00,45,339,384
2011-05-09 20:00:00,25,214,239
2011-05-09 21:00:00,28,128,156
2011-05-09 22:00:00,21,95,116
2011-05-09 23:00:00,16,45,61
2011-05-10 00:00:00,6,12,18
2011-05-10 01:00:00,3,12,15
2011-05-10 02:00:00,1,4,5
2011-05-10 03:00:00,1,3,4
2011-05-10 04:00:00,0,2,2
2011-05-10 05:00:00,1,28,29
2011-05-10 06:00:00,9,103,112
2011-05-10 07:00:00,13,301,314
2011-05-10 08:00:00,28,397,425
2011-05-10 09:00:00,29,176,205
2011-05-10 10:00:00,27,100,127
2011-05-10 11:00:00,17,108,125
2011-05-10 12:00:00,47,170,217
2011-05-10 13:00:00,50,152,202
2011-05-10 14:00:00,42,134,176
2011-05-10 15:00:00,28,152,180
2011-05-10 16:00:00,56,271,327
2011-05-10 17:00:00,79,532,611
2011-05-10 18:00:00,70,480,550
2011-05-10 19:00:00,69,365,434
2011-05-10 20:00:00,50,241,291
2011-05-10 21:00:00,30,173,203
2011-05-10 22:00:00,29,121,150
2011-05-10 23:00:00,9,72,81
2011-05-11 00:00:00,8,30,38
2011-05-11 01:00:00,4,16,20
2011-05-11 02:00:00,6,4,10
2011-05-11 03:00:00,0,3,3
2011-05-11 04:00:00,0,2,2
2011-05-11 05:00:00,0,20,20
2011-05-11 06:00:00,6,93,99
2011-05-11 07:00:00,25,293,318
2011-05-11 08:00:00,21,421,442
2011-05-11 09:00:00,21,182,203
2011-05-11 10:00:00,30,124,154
2011-05-11 11:00:00,18,123,141
2011-05-11 12:00:00,41,185,226
2011-05-11 13:00:00,36,157,193
2011-05-11 14:00:00,36,141,177
2011-05-11 15:00:00,48,131,179
2011-05-11 16:00:00,49,240,289
2011-05-11 17:00:00,17,242,259
2011-05-11 18:00:00,40,234,274
2011-05-11 19:00:00,60,341,401
2011-05-11 20:00:00,28,245,273
2011-05-11 21:00:00,32,202,234
2011-05-11 22:00:00,12,134,146
2011-05-11 23:00:00,12,69,81
2011-05-12 00:00:00,5,39,44
2011-05-12 01:00:00,1,16,17
2011-05-12 02:00:00,1,14,15
2011-05-12 03:00:00,0,5,5
2011-05-12 04:00:00,1,5,6
2011-05-12 05:00:00,2,27,29
2011-05-12 06:00:00,9,103,112
2011-05-12 07:00:00,14,283,297
2011-05-12 08:00:00,27,394,421
2011-05-12 09:00:00,21,191,212
2011-05-12 10:00:00,28,119,147
2011-05-12 11:00:00,43,136,179
2011-05-12 12:00:00,43,164,207
2011-05-12 13:00:00,48,170,218
2011-05-12 14:00:00,43,148,191
2011-05-12 15:00:00,54,163,217
2011-05-12 16:00:00,50,238,288
2011-05-12 17:00:00,54,540,594
2011-05-12 18:00:00,64,463,527
2011-05-12 19:00:00,59,305,364
2011-05-12 20:00:00,56,220,276
2011-05-12 21:00:00,31,192,223
2011-05-12 22:00:00,25,147,172
2011-05-12 23:00:00,16,87,103
2011-05-13 00:00:00,6,46,52
2011-05-13 01:00:00,5,15,20
2011-05-13 02:00:00,3,8,11
2011-05-13 03:00:00,2,2,4
2011-05-13 04:00:00,2,3,5
2011-05-13 05:00:00,1,24,25
2011-05-13 06:00:00,6,76,82
2011-05-13 07:00:00,16,141,157
2011-05-13 08:00:00,26,361,387
2011-05-13 09:00:00,18,215,233
2011-05-13 10:00:00,31,99,130
2011-05-13 11:00:00,56,90,146
2011-05-13 12:00:00,53,170,223
2011-05-13 13:00:00,69,157,226
2011-05-13 14:00:00,70,120,190
2011-05-13 15:00:00,56,142,198
2011-05-13 16:00:00,44,256,300
2011-05-13 17:00:00,62,429,491
2011-05-13 18:00:00,39,359,398
2011-05-13 19:00:00,25,245,270
2011-05-13 20:00:00,22,130,152
2011-05-13 21:00:00,24,130,154
2011-05-13 22:00:00,25,107,132
2011-05-13 23:00:00,31,88,119
2011-05-14 00:00:00,24,78,102
2011-05-14 01:00:00,18,64,82
2011-05-14 02:00:00,15,37,52
2011-05-14 03:00:00,5,30,35
2011-05-14 04:00:00,1,4,5
2011-05-14 05:00:00,7,7,14
2011-05-14 06:00:00,2,9,11
2011-05-14 07:00:00,4,28,32
2011-05-14 08:00:00,16,72,88
2011-05-14 09:00:00,14,86,100
2011-05-14 10:00:00,34,133,167
2011-05-14 11:00:00,72,207,279
2011-05-14 12:00:00,75,204,279
2011-05-14 13:00:00,68,180,248
2011-05-14 14:00:00,57,159,216
2011-05-14 15:00:00,73,221,294
2011-05-14 16:00:00,107,188,295
2011-05-14 17:00:00,78,194,272
2011-05-14 18:00:00,88,216,304
2011-05-14 19:00:00,69,179,248
2011-05-14 20:00:00,42,115,157
2011-05-14 21:00:00,15,44,59
2011-05-14 22:00:00,7,19,26
2011-05-14 23:00:00,11,33,44
2011-05-15 00:00:00,5,34,39
2011-05-15 01:00:00,4,43,47
2011-05-15 02:00:00,13,37,50
2011-05-15 03:00:00,11,21,32
2011-05-15 04:00:00,5,8,13
2011-05-15 05:00:00,3,11,14
2011-05-15 06:00:00,3,14,17
2011-05-15 07:00:00,4,38,42
2011-05-15 08:00:00,24,46,70
2011-05-15 09:00:00,36,98,134
2011-05-15 10:00:00,73,153,226
2011-05-15 11:00:00,120,202,322
2011-05-15 12:00:00,120,247,367
2011-05-15 13:00:00,195,261,456
2011-05-15 14:00:00,183,254,437
2011-05-15 15:00:00,206,253,459
2011-05-15 16:00:00,158,282,440
2011-05-15 17:00:00,137,255,392
2011-05-15 18:00:00,60,177,237
2011-05-15 19:00:00,78,153,231
2011-05-15 20:00:00,53,138,191
2011-05-15 21:00:00,44,107,151
2011-05-15 22:00:00,29,88,117
2011-05-15 23:00:00,18,51,69
2011-05-16 00:00:00,17,21,38
2011-05-16 01:00:00,6,8,14
2011-05-16 02:00:00,4,9,13
2011-05-16 03:00:00,1,3,4
2011-05-16 04:00:00,1,5,6
2011-05-16 05:00:00,1,20,21
2011-05-16 06:00:00,11,93,104
2011-05-16 07:00:00,27,245,272
2011-05-16 08:00:00,28,366,394
2011-05-16 09:00:00,38,156,194
2011-05-16 10:00:00,37,75,112
2011-05-16 11:00:00,56,129,185
2011-05-16 12:00:00,72,137,209
2011-05-16 13:00:00,61,153,214
2011-05-16 14:00:00,76,117,193
2011-05-16 15:00:00,55,110,165
2011-05-16 16:00:00,45,181,226
2011-05-16 17:00:00,47,227,274
2011-05-16 18:00:00,55,398,453
2011-05-16 19:00:00,36,272,308
2011-05-16 20:00:00,31,167,198
2011-05-16 21:00:00,28,149,177
2011-05-16 22:00:00,22,105,127
2011-05-16 23:00:00,18,39,57
2011-05-17 00:00:00,13,18,31
2011-05-17 01:00:00,7,6,13
2011-05-17 02:00:00,4,4,8
2011-05-17 03:00:00,1,3,4
2011-05-17 04:00:00,2,2,4
2011-05-17 05:00:00,0,22,22
2011-05-17 06:00:00,0,49,49
2011-05-17 07:00:00,13,138,151
2011-05-17 08:00:00,22,325,347
2011-05-17 09:00:00,17,190,207
2011-05-17 10:00:00,31,73,104
2011-05-17 11:00:00,26,104,130
2011-05-17 12:00:00,38,115,153
2011-05-17 13:00:00,31,141,172
2011-05-17 14:00:00,61,123,184
2011-05-17 15:00:00,79,131,210
2011-05-17 16:00:00,73,217,290
2011-05-17 17:00:00,83,521,604
2011-05-17 18:00:00,54,426,480
2011-05-17 19:00:00,51,298,349
2011-05-17 20:00:00,30,253,283
2011-05-17 21:00:00,23,151,174
2011-05-17 22:00:00,12,86,98
2011-05-17 23:00:00,7,49,56
2011-05-18 00:00:00,8,15,23
2011-05-18 01:00:00,3,9,12
2011-05-18 02:00:00,1,5,6
2011-05-18 03:00:00,6,3,9
2011-05-18 04:00:00,1,2,3
2011-05-18 05:00:00,0,9,9
2011-05-18 06:00:00,2,99,101
2011-05-18 07:00:00,14,260,274
2011-05-18 08:00:00,25,428,453
2011-05-18 09:00:00,26,176,202
2011-05-18 10:00:00,33,73,106
2011-05-18 11:00:00,6,17,23
2011-05-18 12:00:00,12,42,54
2011-05-18 13:00:00,30,92,122
2011-05-18 14:00:00,44,94,138
2011-05-18 15:00:00,34,133,167
2011-05-18 16:00:00,53,241,294
2011-05-18 17:00:00,78,487,565
2011-05-18 18:00:00,58,431,489
2011-05-18 19:00:00,43,288,331
2011-05-18 20:00:00,24,189,213
2011-05-18 21:00:00,11,74,85
2011-05-18 22:00:00,14,103,117
2011-05-18 23:00:00,10,49,59
2011-05-19 00:00:00,6,23,29
2011-05-19 01:00:00,2,4,6
2011-05-19 02:00:00,3,12,15
2011-05-19 03:00:00,1,3,4
2011-05-19 04:00:00,2,3,5
2011-05-19 05:00:00,2,24,26
2011-05-19 06:00:00,17,86,103
2011-05-19 07:00:00,18,239,257
2011-05-19 08:00:00,34,453,487
2011-05-19 09:00:00,40,176,216
2011-05-19 10:00:00,35,95,130
2011-05-19 11:00:00,53,111,164
2011-05-19 12:00:00,38,130,168
2011-05-19 13:00:00,44,139,183
2011-05-19 14:00:00,43,137,180
2011-05-19 15:00:00,63,125,188
2011-05-19 16:00:00,55,247,302
2011-05-19 17:00:00,60,487,547
2011-05-19 18:00:00,59,454,513
2011-05-19 19:00:00,65,345,410
2011-05-19 20:00:00,46,236,282
2011-05-19 21:00:00,29,180,209
2011-05-19 22:00:00,11,68,79
2011-05-19 23:00:00,9,63,72
2011-06-01 00:00:00,9,25,34
2011-06-01 01:00:00,8,9,17
2011-06-01 02:00:00,0,3,3
2011-06-01 03:00:00,0,6,6
2011-06-01 04:00:00,0,4,4
2011-06-01 05:00:00,2,19,21
2011-06-01 06:00:00,7,121,128
2011-06-01 07:00:00,19,265,284
2011-06-01 08:00:00,37,417,454
2011-06-01 09:00:00,34,173,207
2011-06-01 10:00:00,31,84,115
2011-06-01 11:00:00,26,86,112
2011-06-01 12:00:00,32,137,169
2011-06-01 13:00:00,29,125,154
2011-06-01 14:00:00,40,105,145
2011-06-01 15:00:00,25,127,152
2011-06-01 16:00:00,39,227,266
2011-06-01 17:00:00,52,434,486
2011-06-01 18:00:00,31,278,309
2011-06-01 19:00:00,16,248,264
2011-06-01 20:00:00,23,233,256
2011-06-01 21:00:00,29,161,190
2011-06-01 22:00:00,14,115,129
2011-06-01 23:00:00,10,59,69
2011-06-02 00:00:00,11,31,42
2011-06-02 01:00:00,3,12,15
2011-06-02 02:00:00,0,6,6
2011-06-02 03:00:00,0,4,4
2011-06-02 04:00:00,0,3,3
2011-06-02 05:00:00,3,28,31
2011-06-02 06:00:00,7,106,113
2011-06-02 07:00:00,19,285,304
2011-06-02 08:00:00,25,442,467
2011-06-02 09:00:00,28,197,225
2011-06-02 10:00:00,33,106,139
2011-06-02 11:00:00,42,123,165
2011-06-02 12:00:00,39,193,232
2011-06-02 13:00:00,35,168,203
2011-06-02 14:00:00,43,142,185
2011-06-02 15:00:00,44,144,188
2011-06-02 16:00:00,63,255,318
2011-06-02 17:00:00,88,484,572
2011-06-02 18:00:00,74,451,525
2011-06-02 19:00:00,58,321,379
2011-06-02 20:00:00,51,286,337
2011-06-02 21:00:00,33,215,248
2011-06-02 22:00:00,14,141,155
2011-06-02 23:00:00,23,89,112
2011-06-03 00:00:00,15,53,68
2011-06-03 01:00:00,7,15,22
2011-06-03 02:00:00,0,12,12
2011-06-03 03:00:00,0,5,5
2011-06-03 04:00:00,1,5,6
2011-06-03 05:00:00,4,24,28
2011-06-03 06:00:00,8,98,106
2011-06-03 07:00:00,25,252,277
2011-06-03 08:00:00,31,471,502
2011-06-03 09:00:00,36,194,230
2011-06-03 10:00:00,54,107,161
2011-06-03 11:00:00,57,135,192
2011-06-03 12:00:00,51,208,259
2011-06-03 13:00:00,58,190,248
2011-06-03 14:00:00,66,174,240
2011-06-03 15:00:00,56,156,212
2011-06-03 16:00:00,63,286,349
2011-06-03 17:00:00,73,485,558
2011-06-03 18:00:00,76,488,564
2011-06-03 19:00:00,53,338,391
2011-06-03 20:00:00,57,236,293
2011-06-03 21:00:00,51,196,247
2011-06-03 22:00:00,26,145,171
2011-06-03 23:00:00,30,141,171
2011-06-04 00:00:00,24,69,93
2011-06-04 01:00:00,14,80,94
2011-06-04 02:00:00,18,41,59
2011-06-04 03:00:00,8,10,18
2011-06-04 04:00:00,4,11,15
2011-06-04 05:00:00,3,5,8
2011-06-04 06:00:00,11,17,28
2011-06-04 07:00:00,27,60,87
2011-06-04 08:00:00,29,96,125
2011-06-04 09:00:00,55,169,224
2011-06-04 10:00:00,115,202,317
2011-06-04 11:00:00,120,249,369
2011-06-04 12:00:00,150,270,420
2011-06-04 13:00:00,188,268,456
2011-06-04 14:00:00,193,258,451
2011-06-04 15:00:00,180,224,404
2011-06-04 16:00:00,168,272,440
2011-06-04 17:00:00,142,202,344
2011-06-04 18:00:00,127,214,341
2011-06-04 19:00:00,79,206,285
2011-06-04 20:00:00,90,149,239
2011-06-04 21:00:00,46,139,185
2011-06-04 22:00:00,49,141,190
2011-06-04 23:00:00,29,121,150
2011-06-05 00:00:00,23,90,113
2011-06-05 01:00:00,26,70,96
2011-06-05 02:00:00,16,48,64
2011-06-05 03:00:00,22,25,47
2011-06-05 04:00:00,4,8,12
2011-06-05 05:00:00,1,5,6
2011-06-05 06:00:00,10,11,21
2011-06-05 07:00:00,8,19,27
2011-06-05 08:00:00,24,74,98
2011-06-05 09:00:00,53,111,164
2011-06-05 10:00:00,83,168,251
2011-06-05 11:00:00,121,214,335
2011-06-05 12:00:00,123,212,335
2011-06-05 13:00:00,154,213,367
2011-06-05 14:00:00,161,224,385
2011-06-05 15:00:00,161,256,417
2011-06-05 16:00:00,138,260,398
2011-06-05 17:00:00,126,264,390
2011-06-05 18:00:00,124,239,363
2011-06-05 19:00:00,108,249,357
2011-06-05 20:00:00,84,195,279
2011-06-05 21:00:00,54,111,165
2011-06-05 22:00:00,36,94,130
2011-06-05 23:00:00,25,61,86
2011-06-06 00:00:00,11,18,29
2011-06-06 01:00:00,9,5,14
2011-06-06 02:00:00,4,4,8
2011-06-06 03:00:00,2,3,5
2011-06-06 04:00:00,4,4,8
2011-06-06 05:00:00,7,24,31
2011-06-06 06:00:00,11,101,112
2011-06-06 07:00:00,18,281,299
2011-06-06 08:00:00,28,410,438
2011-06-06 09:00:00,26,162,188
2011-06-06 10:00:00,31,64,95
2011-06-06 11:00:00,39,72,111
2011-06-06 12:00:00,25,128,153
2011-06-06 13:00:00,28,152,180
2011-06-06 14:00:00,46,99,145
2011-06-06 15:00:00,38,127,165
2011-06-06 16:00:00,34,233,267
2011-06-06 17:00:00,63,516,579
2011-06-06 18:00:00,56,500,556
2011-06-06 19:00:00,64,343,407
2011-06-06 20:00:00,59,277,336
2011-06-06 21:00:00,29,160,189
2011-06-06 22:00:00,36,137,173
2011-06-06 23:00:00,5,55,60
2011-06-07 00:00:00,5,15,20
2011-06-07 01:00:00,2,2,4
2011-06-07 02:00:00,3,2,5
2011-06-07 03:00:00,1,1,2
2011-06-07 04:00:00,2,3,5
2011-06-07 05:00:00,2,30,32
2011-06-07 06:00:00,10,116,126
2011-06-07 07:00:00,23,311,334
2011-06-07 08:00:00,45,432,477
2011-06-07 09:00:00,27,190,217
2011-06-07 10:00:00,37,86,123
2011-06-07 11:00:00,38,113,151
2011-06-07 12:00:00,42,141,183
2011-06-07 13:00:00,55,141,196
2011-06-07 14:00:00,34,112,146
2011-06-07 15:00:00,56,127,183
2011-06-07 16:00:00,55,253,308
2011-06-07 17:00:00,64,475,539
2011-06-07 18:00:00,72,479,551
2011-06-07 19:00:00,69,355,424
2011-06-07 20:00:00,45,301,346
2011-06-07 21:00:00,31,187,218
2011-06-07 22:00:00,27,126,153
2011-06-07 23:00:00,18,72,90
2011-06-08 00:00:00,12,29,41
2011-06-08 01:00:00,3,20,23
2011-06-08 02:00:00,0,7,7
2011-06-08 03:00:00,2,1,3
2011-06-08 04:00:00,0,6,6
2011-06-08 05:00:00,0,21,21
2011-06-08 06:00:00,13,103,116
2011-06-08 07:00:00,24,329,353
2011-06-08 08:00:00,46,435,481
2011-06-08 09:00:00,34,168,202
2011-06-08 10:00:00,27,63,90
2011-06-08 11:00:00,28,106,134
2011-06-08 12:00:00,15,134,149
2011-06-08 13:00:00,20,116,136
2011-06-08 14:00:00,44,111,155
2011-06-08 15:00:00,28,100,128
2011-06-08 16:00:00,34,199,233
2011-06-08 17:00:00,80,426,506
2011-06-08 18:00:00,61,398,459
2011-06-08 19:00:00,61,323,384
2011-06-08 20:00:00,55,225,280
2011-06-08 21:00:00,34,168,202
2011-06-08 22:00:00,37,139,176
2011-06-08 23:00:00,18,98,116
2011-06-09 00:00:00,7,40,47
2011-06-09 01:00:00,3,13,16
2011-06-09 02:00:00,0,6,6
2011-06-09 03:00:00,0,2,2
2011-06-09 04:00:00,2,4,6
2011-06-09 05:00:00,1,19,20
2011-06-09 06:00:00,13,105,118
2011-06-09 07:00:00,31,283,314
2011-06-09 08:00:00,32,400,432
2011-06-09 09:00:00,20,148,168
2011-06-09 10:00:00,20,74,94
2011-06-09 11:00:00,36,82,118
2011-06-09 12:00:00,40,100,140
2011-06-09 13:00:00,18,118,136
2011-06-09 14:00:00,25,93,118
2011-06-09 15:00:00,18,86,104
2011-06-09 16:00:00,30,170,200
2011-06-09 17:00:00,54,355,409
2011-06-09 18:00:00,52,414,466
2011-06-09 19:00:00,55,271,326
2011-06-09 20:00:00,40,214,254
2011-06-09 21:00:00,29,142,171
2011-06-09 22:00:00,22,131,153
2011-06-09 23:00:00,15,82,97
2011-06-10 00:00:00,8,61,69
2011-06-10 01:00:00,5,18,23
2011-06-10 02:00:00,6,7,13
2011-06-10 03:00:00,3,3,6
2011-06-10 04:00:00,0,4,4
2011-06-10 05:00:00,0,28,28
2011-06-10 06:00:00,10,94,104
2011-06-10 07:00:00,25,242,267
2011-06-10 08:00:00,29,423,452
2011-06-10 09:00:00,37,176,213
2011-06-10 10:00:00,23,88,111
2011-06-10 11:00:00,46,107,153
2011-06-10 12:00:00,40,167,207
2011-06-10 13:00:00,40,149,189
2011-06-10 14:00:00,44,121,165
2011-06-10 15:00:00,49,163,212
2011-06-10 16:00:00,46,239,285
2011-06-10 17:00:00,63,454,517
2011-06-10 18:00:00,96,367,463
2011-06-10 19:00:00,61,245,306
2011-06-10 20:00:00,53,197,250
2011-06-10 21:00:00,55,163,218
2011-06-10 22:00:00,40,145,185
2011-06-10 23:00:00,36,110,146
2011-06-11 00:00:00,28,89,117
2011-06-11 01:00:00,10,67,77
2011-06-11 02:00:00,10,50,60
2011-06-11 03:00:00,10,18,28
2011-06-11 04:00:00,4,9,13
2011-06-11 05:00:00,4,12,16
2011-06-11 06:00:00,9,31,40
2011-06-11 07:00:00,18,50,68
2011-06-11 08:00:00,32,111,143
2011-06-11 09:00:00,59,171,230
2011-06-11 10:00:00,91,173,264
2011-06-11 11:00:00,110,215,325
2011-06-11 12:00:00,112,235,347
2011-06-11 13:00:00,150,237,387
2011-06-11 14:00:00,148,232,380
2011-06-11 15:00:00,142,232,374
2011-06-11 16:00:00,169,225,394
2011-06-11 17:00:00,147,190,337
2011-06-11 18:00:00,131,155,286
2011-06-11 19:00:00,97,167,264
2011-06-11 20:00:00,95,180,275
2011-06-11 21:00:00,76,144,220
2011-06-11 22:00:00,53,137,190
2011-06-11 23:00:00,24,107,131
2011-06-12 00:00:00,19,100,119
2011-06-12 01:00:00,19,74,93
2011-06-12 02:00:00,9,57,66
2011-06-12 03:00:00,8,20,28
2011-06-12 04:00:00,8,6,14
2011-06-12 05:00:00,5,5,10
2011-06-12 06:00:00,5,9,14
2011-06-12 07:00:00,7,27,34
2011-06-12 08:00:00,28,64,92
2011-06-12 09:00:00,75,107,182
2011-06-12 10:00:00,120,191,311
2011-06-12 11:00:00,131,236,367
2011-06-12 12:00:00,176,244,420
2011-06-12 13:00:00,109,264,373
2011-06-12 14:00:00,96,219,315
2011-06-12 15:00:00,142,218,360
2011-06-12 16:00:00,115,235,350
2011-06-12 17:00:00,94,158,252
2011-06-12 18:00:00,69,187,256
2011-06-12 19:00:00,67,156,223
2011-06-12 20:00:00,62,144,206
2011-06-12 21:00:00,39,101,140
2011-06-12 22:00:00,31,97,128
2011-06-12 23:00:00,33,74,107
2011-06-13 00:00:00,8,20,28
2011-06-13 01:00:00,6,10,16
2011-06-13 02:00:00,2,8,10
2011-06-13 03:00:00,1,6,7
2011-06-13 04:00:00,1,3,4
2011-06-13 05:00:00,2,27,29
2011-06-13 06:00:00,7,98,105
2011-06-13 07:00:00,26,302,328
2011-06-13 08:00:00,44,432,476
2011-06-13 09:00:00,35,189,224
2011-06-13 10:00:00,38,80,118
2011-06-13 11:00:00,53,106,159
2011-06-13 12:00:00,35,161,196
2011-06-13 13:00:00,53,174,227
2011-06-13 14:00:00,55,145,200
2011-06-13 15:00:00,58,127,185
2011-06-13 16:00:00,64,262,326
2011-06-13 17:00:00,72,529,601
2011-06-13 18:00:00,76,510,586
2011-06-13 19:00:00,75,348,423
2011-06-13 20:00:00,78,253,331
2011-06-13 21:00:00,40,178,218
2011-06-13 22:00:00,20,114,134
2011-06-13 23:00:00,14,75,89
2011-06-14 00:00:00,13,18,31
2011-06-14 01:00:00,3,10,13
2011-06-14 02:00:00,2,8,10
2011-06-14 03:00:00,1,1,2
2011-06-14 04:00:00,0,3,3
2011-06-14 05:00:00,3,23,26
2011-06-14 06:00:00,6,107,113
2011-06-14 07:00:00,19,346,365
2011-06-14 08:00:00,45,441,486
2011-06-14 09:00:00,19,174,193
2011-06-14 10:00:00,33,97,130
2011-06-14 11:00:00,40,103,143
2011-06-14 12:00:00,30,139,169
2011-06-14 13:00:00,33,176,209
2011-06-14 14:00:00,41,118,159
2011-06-14 15:00:00,42,136,178
2011-06-14 16:00:00,51,279,330
2011-06-14 17:00:00,85,484,569
2011-06-14 18:00:00,65,473,538
2011-06-14 19:00:00,51,335,386
2011-06-14 20:00:00,60,237,297
2011-06-14 21:00:00,37,206,243
2011-06-14 22:00:00,29,159,188
2011-06-14 23:00:00,19,91,110
2011-06-15 00:00:00,8,44,52
2011-06-15 01:00:00,0,14,14
2011-06-15 02:00:00,0,9,9
2011-06-15 03:00:00,0,1,1
2011-06-15 04:00:00,0,4,4
2011-06-15 05:00:00,1,20,21
2011-06-15 06:00:00,11,110,121
2011-06-15 07:00:00,22,348,370
2011-06-15 08:00:00,53,445,498
2011-06-15 09:00:00,22,185,207
2011-06-15 10:00:00,27,108,135
2011-06-15 11:00:00,49,115,164
2011-06-15 12:00:00,33,178,211
2011-06-15 13:00:00,43,146,189
2011-06-15 14:00:00,50,128,178
2011-06-15 15:00:00,33,131,164
2011-06-15 16:00:00,47,265,312
2011-06-15 17:00:00,83,555,638
2011-06-15 18:00:00,80,527,607
2011-06-15 19:00:00,54,362,416
2011-06-15 20:00:00,57,273,330
2011-06-15 21:00:00,48,209,257
2011-06-15 22:00:00,31,144,175
2011-06-15 23:00:00,17,90,107
2011-06-16 00:00:00,9,38,47
2011-06-16 01:00:00,4,13,17
2011-06-16 02:00:00,1,4,5
2011-06-16 03:00:00,0,4,4
2011-06-16 04:00:00,0,6,6
2011-06-16 05:00:00,7,18,25
2011-06-16 06:00:00,8,104,112
2011-06-16 07:00:00,16,172,188
2011-06-16 08:00:00,24,364,388
2011-06-16 09:00:00,29,232,261
2011-06-16 10:00:00,18,103,121
2011-06-16 11:00:00,33,117,150
2011-06-16 12:00:00,41,165,206
2011-06-16 13:00:00,37,114,151
2011-06-16 14:00:00,39,114,153
2011-06-16 15:00:00,32,127,159
2011-06-16 16:00:00,36,258,294
2011-06-16 17:00:00,42,230,272
2011-06-16 18:00:00,26,299,325
2011-06-16 19:00:00,58,269,327
2011-06-16 20:00:00,25,176,201
2011-06-16 21:00:00,34,154,188
2011-06-16 22:00:00,24,127,151
2011-06-16 23:00:00,2,14,16
2011-06-17 00:00:00,3,21,24
2011-06-17 01:00:00,4,19,23
2011-06-17 02:00:00,2,11,13
2011-06-17 03:00:00,1,5,6
2011-06-17 04:00:00,1,5,6
2011-06-17 05:00:00,1,12,13
2011-06-17 06:00:00,8,89,97
2011-06-17 07:00:00,25,225,250
2011-06-17 08:00:00,28,426,454
2011-06-17 09:00:00,28,196,224
2011-06-17 10:00:00,44,126,170
2011-06-17 11:00:00,43,138,181
2011-06-17 12:00:00,49,194,243
2011-06-17 13:00:00,48,156,204
2011-06-17 14:00:00,73,142,215
2011-06-17 15:00:00,62,181,243
2011-06-17 16:00:00,69,286,355
2011-06-17 17:00:00,85,467,552
2011-06-17 18:00:00,62,388,450
2011-06-17 19:00:00,53,275,328
2011-06-17 20:00:00,40,192,232
2011-06-17 21:00:00,49,159,208
2011-06-17 22:00:00,48,127,175
2011-06-17 23:00:00,37,141,178
2011-06-18 00:00:00,21,83,104
2011-06-18 01:00:00,15,80,95
2011-06-18 02:00:00,16,37,53
2011-06-18 03:00:00,4,16,20
2011-06-18 04:00:00,1,4,5
2011-06-18 05:00:00,1,6,7
2011-06-18 06:00:00,9,18,27
2011-06-18 07:00:00,12,45,57
2011-06-18 08:00:00,28,103,131
2011-06-18 09:00:00,62,156,218
2011-06-18 10:00:00,68,176,244
2011-06-18 11:00:00,134,270,404
2011-06-18 12:00:00,162,258,420
2011-06-18 13:00:00,135,192,327
2011-06-18 14:00:00,138,196,334
2011-06-18 15:00:00,153,214,367
2011-06-18 16:00:00,193,275,468
2011-06-18 17:00:00,210,239,449
2011-06-18 18:00:00,118,263,381
2011-06-18 19:00:00,99,227,326
2011-06-18 20:00:00,61,127,188
2011-06-18 21:00:00,58,125,183
2011-06-18 22:00:00,56,105,161
2011-06-18 23:00:00,53,97,150
2011-06-19 00:00:00,18,71,89
2011-06-19 01:00:00,17,59,76
2011-06-19 02:00:00,13,59,72
2011-06-19 03:00:00,14,16,30
2011-06-19 04:00:00,7,10,17
2011-06-19 05:00:00,7,12,19
2011-06-19 06:00:00,11,22,33
2011-06-19 07:00:00,35,36,71
2011-06-19 08:00:00,25,59,84
2011-06-19 09:00:00,58,111,169
2011-06-19 10:00:00,86,158,244
2011-06-19 11:00:00,141,236,377
2011-06-19 12:00:00,141,255,396
2011-06-19 13:00:00,149,214,363
2011-06-19 14:00:00,124,193,317
2011-06-19 15:00:00,146,216,362
2011-06-19 16:00:00,121,257,378
2011-06-19 17:00:00,159,238,397
2011-06-19 18:00:00,78,218,296
2011-06-19 19:00:00,94,217,311
2011-06-19 20:00:00,86,146,232
2011-06-19 21:00:00,57,110,167
2011-06-19 22:00:00,38,114,152
2011-06-19 23:00:00,14,78,92
2011-07-01 00:00:00,20,48,68
2011-07-01 01:00:00,15,16,31
2011-07-01 02:00:00,6,7,13
2011-07-01 03:00:00,5,6,11
2011-07-01 04:00:00,1,5,6
2011-07-01 05:00:00,3,27,30
2011-07-01 06:00:00,11,97,108
2011-07-01 07:00:00,25,218,243
2011-07-01 08:00:00,39,453,492
2011-07-01 09:00:00,58,202,260
2011-07-01 10:00:00,61,109,170
2011-07-01 11:00:00,68,146,214
2011-07-01 12:00:00,83,180,263
2011-07-01 13:00:00,83,209,292
2011-07-01 14:00:00,78,225,303
2011-07-01 15:00:00,82,299,381
2011-07-01 16:00:00,85,342,427
2011-07-01 17:00:00,99,362,461
2011-07-01 18:00:00,98,324,422
2011-07-01 19:00:00,80,238,318
2011-07-01 20:00:00,84,185,269
2011-07-01 21:00:00,69,149,218
2011-07-01 22:00:00,49,173,222
2011-07-01 23:00:00,44,96,140
2011-07-02 00:00:00,31,84,115
2011-07-02 01:00:00,20,58,78
2011-07-02 02:00:00,9,43,52
2011-07-02 03:00:00,5,21,26
2011-07-02 04:00:00,3,8,11
2011-07-02 05:00:00,1,13,14
2011-07-02 06:00:00,11,21,32
2011-07-02 07:00:00,10,35,45
2011-07-02 08:00:00,38,94,132
2011-07-02 09:00:00,55,124,179
2011-07-02 10:00:00,103,168,271
2011-07-02 11:00:00,144,213,357
2011-07-02 12:00:00,142,232,374
2011-07-02 13:00:00,178,226,404
2011-07-02 14:00:00,177,215,392
2011-07-02 15:00:00,168,163,331
2011-07-02 16:00:00,206,192,398
2011-07-02 17:00:00,179,170,349
2011-07-02 18:00:00,193,190,383
2011-07-02 19:00:00,156,149,305
2011-07-02 20:00:00,136,148,284
2011-07-02 21:00:00,95,137,232
2011-07-02 22:00:00,78,123,201
2011-07-02 23:00:00,66,88,154
2011-07-03 00:00:00,47,97,144
2011-07-03 01:00:00,23,55,78
2011-07-03 02:00:00,19,50,69
2011-07-03 03:00:00,8,25,33
2011-07-03 04:00:00,3,2,5
2011-07-03 05:00:00,0,1,1
2011-07-03 06:00:00,0,3,3
2011-07-03 07:00:00,3,22,25
2011-07-03 08:00:00,39,53,92
2011-07-03 09:00:00,82,99,181
2011-07-03 10:00:00,131,133,264
2011-07-03 11:00:00,215,175,390
2011-07-03 12:00:00,198,206,404
2011-07-03 13:00:00,248,173,421
2011-07-03 14:00:00,225,150,375
2011-07-03 15:00:00,194,182,376
2011-07-03 16:00:00,195,219,414
2011-07-03 17:00:00,181,177,358
2011-07-03 18:00:00,74,107,181
2011-07-03 19:00:00,100,83,183
2011-07-03 20:00:00,83,93,176
2011-07-03 21:00:00,75,92,167
2011-07-03 22:00:00,69,93,162
2011-07-03 23:00:00,70,77,147
2011-07-04 00:00:00,63,77,140
2011-07-04 01:00:00,43,76,119
2011-07-04 02:00:00,33,30,63
2011-07-04 03:00:00,13,13,26
2011-07-04 04:00:00,8,4,12
2011-07-04 05:00:00,1,3,4
2011-07-04 06:00:00,5,11,16
2011-07-04 07:00:00,17,19,36
2011-07-04 08:00:00,42,44,86
2011-07-04 09:00:00,142,96,238
2011-07-04 10:00:00,166,114,280
2011-07-04 11:00:00,177,172,349
2011-07-04 12:00:00,237,210,447
2011-07-04 13:00:00,242,181,423
2011-07-04 14:00:00,235,173,408
2011-07-04 15:00:00,224,184,408
2011-07-04 16:00:00,236,216,452
2011-07-04 17:00:00,240,196,436
2011-07-04 18:00:00,222,196,418
2011-07-04 19:00:00,170,205,375
2011-07-04 20:00:00,195,191,386
2011-07-04 21:00:00,195,262,457
2011-07-04 22:00:00,115,211,326
2011-07-04 23:00:00,44,94,138
2011-07-05 00:00:00,19,36,55
2011-07-05 01:00:00,15,24,39
2011-07-05 02:00:00,8,5,13
2011-07-05 03:00:00,1,7,8
2011-07-05 04:00:00,1,4,5
2011-07-05 05:00:00,1,19,20
2011-07-05 06:00:00,3,91,94
2011-07-05 07:00:00,22,248,270
2011-07-05 08:00:00,41,391,432
2011-07-05 09:00:00,50,177,227
2011-07-05 10:00:00,55,84,139
2011-07-05 11:00:00,75,97,172
2011-07-05 12:00:00,71,130,201
2011-07-05 13:00:00,67,136,203
2011-07-05 14:00:00,66,112,178
2011-07-05 15:00:00,51,111,162
2011-07-05 16:00:00,79,202,281
2011-07-05 17:00:00,79,466,545
2011-07-05 18:00:00,70,426,496
2011-07-05 19:00:00,71,297,368
2011-07-05 20:00:00,59,225,284
2011-07-05 21:00:00,77,168,245
2011-07-05 22:00:00,31,124,155
2011-07-05 23:00:00,19,54,73
2011-07-06 00:00:00,11,26,37
2011-07-06 01:00:00,4,11,15
2011-07-06 02:00:00,1,4,5
2011-07-06 03:00:00,0,6,6
2011-07-06 04:00:00,0,6,6
2011-07-06 05:00:00,5,30,35
2011-07-06 06:00:00,9,112,121
2011-07-06 07:00:00,24,288,312
2011-07-06 08:00:00,31,397,428
2011-07-06 09:00:00,31,158,189
2011-07-06 10:00:00,13,30,43
2011-07-06 11:00:00,24,103,127
2011-07-06 12:00:00,38,114,152
2011-07-06 13:00:00,33,107,140
2011-07-06 14:00:00,50,113,163
2011-07-06 15:00:00,55,130,185
2011-07-06 16:00:00,57,218,275
2011-07-06 17:00:00,79,517,596
2011-07-06 18:00:00,77,486,563
2011-07-06 19:00:00,71,323,394
2011-07-06 20:00:00,55,257,312
2011-07-06 21:00:00,66,175,241
2011-07-06 22:00:00,30,156,186
2011-07-06 23:00:00,20,78,98
2011-07-07 00:00:00,6,29,35
2011-07-07 01:00:00,2,14,16
2011-07-07 02:00:00,1,7,8
2011-07-07 03:00:00,2,2,4
2011-07-07 04:00:00,0,4,4
2011-07-07 05:00:00,2,30,32
2011-07-07 06:00:00,11,107,118
2011-07-07 07:00:00,13,279,292
2011-07-07 08:00:00,28,415,443
2011-07-07 09:00:00,25,154,179
2011-07-07 10:00:00,29,72,101
2011-07-07 11:00:00,30,112,142
2011-07-07 12:00:00,32,139,171
2011-07-07 13:00:00,48,107,155
2011-07-07 14:00:00,39,121,160
2011-07-07 15:00:00,47,119,166
2011-07-07 16:00:00,47,218,265
2011-07-07 17:00:00,80,489,569
2011-07-07 18:00:00,70,492,562
2011-07-07 19:00:00,79,286,365
2011-07-07 20:00:00,61,224,285
2011-07-07 21:00:00,39,170,209
2011-07-07 22:00:00,32,150,182
2011-07-07 23:00:00,31,98,129
2011-07-08 00:00:00,6,41,47
2011-07-08 01:00:00,9,25,34
2011-07-08 02:00:00,10,12,22
2011-07-08 03:00:00,2,4,6
2011-07-08 04:00:00,7,4,11
2011-07-08 05:00:00,3,24,27
2011-07-08 06:00:00,11,91,102
2011-07-08 07:00:00,30,302,332
2011-07-08 08:00:00,36,421,457
2011-07-08 09:00:00,30,211,241
2011-07-08 10:00:00,30,108,138
2011-07-08 11:00:00,61,104,165
2011-07-08 12:00:00,49,164,213
2011-07-08 13:00:00,54,175,229
2011-07-08 14:00:00,53,163,216
2011-07-08 15:00:00,39,102,141
2011-07-08 16:00:00,27,105,132
2011-07-08 17:00:00,6,161,167
2011-07-08 18:00:00,35,281,316
2011-07-08 19:00:00,45,225,270
2011-07-08 20:00:00,30,220,250
2011-07-08 21:00:00,46,158,204
2011-07-08 22:00:00,33,136,169
2011-07-08 23:00:00,40,111,151
2011-07-09 00:00:00,31,90,121
2011-07-09 01:00:00,5,48,53
2011-07-09 02:00:00,12,43,55
2011-07-09 03:00:00,7,23,30
2011-07-09 04:00:00,2,4,6
2011-07-09 05:00:00,4,11,15
2011-07-09 06:00:00,11,27,38
2011-07-09 07:00:00,21,50,71
2011-07-09 08:00:00,68,114,182
2011-07-09 09:00:00,77,170,247
2011-07-09 10:00:00,87,177,264
2011-07-09 11:00:00,101,189,290
2011-07-09 12:00:00,145,221,366
2011-07-09 13:00:00,167,249,416
2011-07-09 14:00:00,158,215,373
2011-07-09 15:00:00,182,220,402
2011-07-09 16:00:00,171,245,416
2011-07-09 17:00:00,160,241,401
2011-07-09 18:00:00,132,246,378
2011-07-09 19:00:00,128,178,306
2011-07-09 20:00:00,129,185,314
2011-07-09 21:00:00,83,155,238
2011-07-09 22:00:00,60,154,214
2011-07-09 23:00:00,47,93,140
2011-07-10 00:00:00,42,112,154
2011-07-10 01:00:00,19,94,113
2011-07-10 02:00:00,28,68,96
2011-07-10 03:00:00,6,19,25
2011-07-10 04:00:00,0,5,5
2011-07-10 05:00:00,7,10,17
2011-07-10 06:00:00,8,17,25
2011-07-10 07:00:00,27,38,65
2011-07-10 08:00:00,27,65,92
2011-07-10 09:00:00,62,107,169
2011-07-10 10:00:00,95,173,268
2011-07-10 11:00:00,110,177,287
2011-07-10 12:00:00,133,244,377
2011-07-10 13:00:00,139,228,367
2011-07-10 14:00:00,122,227,349
2011-07-10 15:00:00,142,219,361
2011-07-10 16:00:00,128,244,372
2011-07-10 17:00:00,146,217,363
2011-07-10 18:00:00,141,222,363
2011-07-10 19:00:00,120,183,303
2011-07-10 20:00:00,101,167,268
2011-07-10 21:00:00,65,162,227
2011-07-10 22:00:00,56,87,143
2011-07-10 23:00:00,19,53,72
2011-07-11 00:00:00,10,25,35
2011-07-11 01:00:00,5,5,10
2011-07-11 02:00:00,8,4,12
2011-07-11 03:00:00,2,8,10
2011-07-11 04:00:00,0,4,4
2011-07-11 05:00:00,5,21,26
2011-07-11 06:00:00,19,102,121
2011-07-11 07:00:00,28,289,317
2011-07-11 08:00:00,35,385,420
2011-07-11 09:00:00,41,167,208
2011-07-11 10:00:00,44,73,117
2011-07-11 11:00:00,39,89,128
2011-07-11 12:00:00,40,108,148
2011-07-11 13:00:00,22,119,141
2011-07-11 14:00:00,40,94,134
2011-07-11 15:00:00,38,108,146
2011-07-11 16:00:00,57,182,239
2011-07-11 17:00:00,59,455,514
2011-07-11 18:00:00,57,415,472
2011-07-11 19:00:00,80,293,373
2011-07-11 20:00:00,42,194,236
2011-07-11 21:00:00,21,109,130
2011-07-11 22:00:00,20,70,90
2011-07-11 23:00:00,11,44,55
2011-07-12 00:00:00,3,19,22
2011-07-12 01:00:00,6,8,14
2011-07-12 02:00:00,2,7,9
2011-07-12 03:00:00,2,6,8
2011-07-12 04:00:00,0,6,6
2011-07-12 05:00:00,4,21,25
2011-07-12 06:00:00,13,102,115
2011-07-12 07:00:00,29,301,330
2011-07-12 08:00:00,35,382,417
2011-07-12 09:00:00,27,149,176
2011-07-12 10:00:00,38,85,123
2011-07-12 11:00:00,39,86,125
2011-07-12 12:00:00,38,125,163
2011-07-12 13:00:00,32,104,136
2011-07-12 14:00:00,33,91,124
2011-07-12 15:00:00,37,111,148
2011-07-12 16:00:00,25,177,202
2011-07-12 17:00:00,48,380,428
2011-07-12 18:00:00,39,472,511
2011-07-12 19:00:00,42,295,337
2011-07-12 20:00:00,57,251,308
2011-07-12 21:00:00,49,209,258
2011-07-12 22:00:00,44,150,194
2011-07-12 23:00:00,20,59,79
2011-07-13 00:00:00,9,37,46
2011-07-13 01:00:00,1,11,12
2011-07-13 02:00:00,2,3,5
2011-07-13 03:00:00,0,4,4
2011-07-13 04:00:00,0,5,5
2011-07-13 05:00:00,4,22,26
2011-07-13 06:00:00,18,103,121
2011-07-13 07:00:00,32,281,313
2011-07-13 08:00:00,31,418,449
2011-07-13 09:00:00,23,163,186
2011-07-13 10:00:00,33,80,113
2011-07-13 11:00:00,55,110,165
2011-07-13 12:00:00,40,134,174
2011-07-13 13:00:00,39,119,158
2011-07-13 14:00:00,27,89,116
2011-07-13 15:00:00,13,33,46
2011-07-13 16:00:00,23,118,141
2011-07-13 17:00:00,70,418,488
2011-07-13 18:00:00,51,412,463
2011-07-13 19:00:00,79,340,419
2011-07-13 20:00:00,61,281,342
2011-07-13 21:00:00,56,194,250
2011-07-13 22:00:00,48,136,184
2011-07-13 23:00:00,33,83,116
2011-07-14 00:00:00,14,32,46
2011-07-14 01:00:00,4,21,25
2011-07-14 02:00:00,3,7,10
2011-07-14 03:00:00,1,5,6
2011-07-14 04:00:00,0,6,6
2011-07-14 05:00:00,6,22,28
2011-07-14 06:00:00,14,116,130
2011-07-14 07:00:00,23,311,334
2011-07-14 08:00:00,53,433,486
2011-07-14 09:00:00,29,195,224
2011-07-14 10:00:00,32,95,127
2011-07-14 11:00:00,38,110,148
2011-07-14 12:00:00,51,172,223
2011-07-14 13:00:00,39,138,177
2011-07-14 14:00:00,49,129,178
2011-07-14 15:00:00,42,138,180
2011-07-14 16:00:00,43,231,274
2011-07-14 17:00:00,78,517,595
2011-07-14 18:00:00,94,484,578
2011-07-14 19:00:00,67,333,400
2011-07-14 20:00:00,81,267,348
2011-07-14 21:00:00,58,203,261
2011-07-14 22:00:00,42,134,176
2011-07-14 23:00:00,27,97,124
2011-07-15 00:00:00,23,57,80
2011-07-15 01:00:00,7,13,20
2011-07-15 02:00:00,16,22,38
2011-07-15 03:00:00,1,6,7
2011-07-15 04:00:00,2,8,10
2011-07-15 05:00:00,7,16,23
2011-07-15 06:00:00,12,108,120
2011-07-15 07:00:00,17,257,274
2011-07-15 08:00:00,50,514,564
2011-07-15 09:00:00,31,176,207
2011-07-15 10:00:00,59,107,166
2011-07-15 11:00:00,73,137,210
2011-07-15 12:00:00,61,177,238
2011-07-15 13:00:00,85,162,247
2011-07-15 14:00:00,105,160,265
2011-07-15 15:00:00,74,163,237
2011-07-15 16:00:00,96,265,361
2011-07-15 17:00:00,104,483,587
2011-07-15 18:00:00,102,394,496
2011-07-15 19:00:00,114,280,394
2011-07-15 20:00:00,92,251,343
2011-07-15 21:00:00,75,186,261
2011-07-15 22:00:00,71,152,223
2011-07-15 23:00:00,41,126,167
2011-07-16 00:00:00,42,68,110
2011-07-16 01:00:00,24,51,75
2011-07-16 02:00:00,10,48,58
2011-07-16 03:00:00,6,20,26
2011-07-16 04:00:00,9,7,16
2011-07-16 05:00:00,4,6,10
2011-07-16 06:00:00,16,21,37
2011-07-16 07:00:00,14,38,52
2011-07-16 08:00:00,37,90,127
2011-07-16 09:00:00,72,150,222
2011-07-16 10:00:00,114,208,322
2011-07-16 11:00:00,171,225,396
2011-07-16 12:00:00,187,276,463
2011-07-16 13:00:00,221,276,497
2011-07-16 14:00:00,201,232,433
2011-07-16 15:00:00,205,223,428
2011-07-16 16:00:00,183,242,425
2011-07-16 17:00:00,234,241,475
2011-07-16 18:00:00,185,243,428
2011-07-16 19:00:00,164,242,406
2011-07-16 20:00:00,108,188,296
2011-07-16 21:00:00,85,167,252
2011-07-16 22:00:00,65,136,201
2011-07-16 23:00:00,61,107,168
2011-07-17 00:00:00,34,91,125
2011-07-17 01:00:00,16,86,102
2011-07-17 02:00:00,28,66,94
2011-07-17 03:00:00,21,26,47
2011-07-17 04:00:00,4,6,10
2011-07-17 05:00:00,4,8,12
2011-07-17 06:00:00,10,11,21
2011-07-17 07:00:00,20,30,50
2011-07-17 08:00:00,45,73,118
2011-07-17 09:00:00,74,110,184
2011-07-17 10:00:00,127,177,304
2011-07-17 11:00:00,147,244,391
2011-07-17 12:00:00,177,243,420
2011-07-17 13:00:00,200,272,472
2011-07-17 14:00:00,168,262,430
2011-07-17 15:00:00,129,195,324
2011-07-17 16:00:00,129,188,317
2011-07-17 17:00:00,133,236,369
2011-07-17 18:00:00,147,243,390
2011-07-17 19:00:00,145,234,379
2011-07-17 20:00:00,85,177,262
2011-07-17 21:00:00,59,148,207
2011-07-17 22:00:00,65,116,181
2011-07-17 23:00:00,39,54,93
2011-07-18 00:00:00,21,30,51
2011-07-18 01:00:00,17,8,25
2011-07-18 02:00:00,2,8,10
2011-07-18 03:00:00,3,4,7
2011-07-18 04:00:00,1,3,4
2011-07-18 05:00:00,2,15,17
2011-07-18 06:00:00,10,95,105
2011-07-18 07:00:00,22,255,277
2011-07-18 08:00:00,18,329,347
2011-07-18 09:00:00,33,170,203
2011-07-18 10:00:00,52,78,130
2011-07-18 11:00:00,42,99,141
2011-07-18 12:00:00,39,126,165
2011-07-18 13:00:00,27,125,152
2011-07-18 14:00:00,32,106,138
2011-07-18 15:00:00,53,111,164
2011-07-18 16:00:00,45,220,265
2011-07-18 17:00:00,72,473,545
2011-07-18 18:00:00,80,478,558
2011-07-18 19:00:00,63,335,398
2011-07-18 20:00:00,91,232,323
2011-07-18 21:00:00,48,154,202
2011-07-18 22:00:00,36,104,140
2011-07-18 23:00:00,32,59,91
2011-07-19 00:00:00,25,26,51
2011-07-19 01:00:00,7,6,13
2011-07-19 02:00:00,9,4,13
2011-07-19 03:00:00,2,1,3
2011-07-19 04:00:00,1,4,5
2011-07-19 05:00:00,0,19,19
2011-07-19 06:00:00,8,126,134
2011-07-19 07:00:00,28,287,315
2011-07-19 08:00:00,31,381,412
2011-07-19 09:00:00,22,177,199
2011-07-19 10:00:00,29,112,141
2011-07-19 11:00:00,29,98,127
2011-07-19 12:00:00,26,127,153
2011-07-19 13:00:00,33,139,172
2011-07-19 14:00:00,41,111,152
2011-07-19 15:00:00,48,110,158
2011-07-19 16:00:00,61,216,277
2011-07-19 17:00:00,68,445,513
2011-07-19 18:00:00,80,450,530
2011-07-19 19:00:00,54,334,388
2011-07-19 20:00:00,48,229,277
2011-07-19 21:00:00,47,194,241
2011-07-19 22:00:00,36,120,156
2011-07-19 23:00:00,19,73,92
2011-08-01 00:00:00,7,22,29
2011-08-01 01:00:00,5,12,17
2011-08-01 02:00:00,4,7,11
2011-08-01 03:00:00,0,4,4
2011-08-01 04:00:00,2,2,4
2011-08-01 05:00:00,2,24,26
2011-08-01 06:00:00,3,97,100
2011-08-01 07:00:00,24,258,282
2011-08-01 08:00:00,35,347,382
2011-08-01 09:00:00,27,139,166
2011-08-01 10:00:00,27,70,97
2011-08-01 11:00:00,53,66,119
2011-08-01 12:00:00,53,115,168
2011-08-01 13:00:00,38,112,150
2011-08-01 14:00:00,37,86,123
2011-08-01 15:00:00,52,77,129
2011-08-01 16:00:00,34,197,231
2011-08-01 17:00:00,69,445,514
2011-08-01 18:00:00,68,475,543
2011-08-01 19:00:00,63,350,413
2011-08-01 20:00:00,49,256,305
2011-08-01 21:00:00,42,178,220
2011-08-01 22:00:00,21,116,137
2011-08-01 23:00:00,14,82,96
2011-08-02 00:00:00,11,18,29
2011-08-02 01:00:00,4,8,12
2011-08-02 02:00:00,2,6,8
2011-08-02 03:00:00,0,5,5
2011-08-02 04:00:00,0,10,10
2011-08-02 05:00:00,4,17,21
2011-08-02 06:00:00,12,105,117
2011-08-02 07:00:00,15,320,335
2011-08-02 08:00:00,37,398,435
2011-08-02 09:00:00,31,182,213
2011-08-02 10:00:00,50,90,140
2011-08-02 11:00:00,32,96,128
2011-08-02 12:00:00,45,112,157
2011-08-02 13:00:00,50,153,203
2011-08-02 14:00:00,45,114,159
2011-08-02 15:00:00,48,120,168
2011-08-02 16:00:00,58,216,274
2011-08-02 17:00:00,63,493,556
2011-08-02 18:00:00,65,491,556
2011-08-02 19:00:00,85,369,454
2011-08-02 20:00:00,40,248,288
2011-08-02 21:00:00,53,201,254
2011-08-02 22:00:00,22,169,191
2011-08-02 23:00:00,29,103,132
2011-08-03 00:00:00,11,32,43
2011-08-03 01:00:00,7,9,16
2011-08-03 02:00:00,2,9,11
2011-08-03 03:00:00,0,4,4
2011-08-03 04:00:00,0,7,7
2011-08-03 05:00:00,2,22,24
2011-08-03 06:00:00,9,101,110
2011-08-03 07:00:00,19,252,271
2011-08-03 08:00:00,29,408,437
2011-08-03 09:00:00,23,172,195
2011-08-03 10:00:00,9,59,68
2011-08-03 11:00:00,29,93,122
2011-08-03 12:00:00,19,142,161
2011-08-03 13:00:00,37,107,144
2011-08-03 14:00:00,43,104,147
2011-08-03 15:00:00,31,87,118
2011-08-03 16:00:00,21,129,150
2011-08-03 17:00:00,47,378,425
2011-08-03 18:00:00,49,443,492
2011-08-03 19:00:00,51,270,321
2011-08-03 20:00:00,7,80,87
2011-08-03 21:00:00,7,81,88
2011-08-03 22:00:00,11,66,77
2011-08-03 23:00:00,4,52,56
2011-08-04 00:00:00,2,15,17
2011-08-04 01:00:00,3,14,17
2011-08-04 02:00:00,2,5,7
2011-08-04 03:00:00,0,3,3
2011-08-04 04:00:00,0,7,7
2011-08-04 05:00:00,3,17,20
2011-08-04 06:00:00,7,90,97
2011-08-04 07:00:00,11,271,282
2011-08-04 08:00:00,29,369,398
2011-08-04 09:00:00,25,162,187
2011-08-04 10:00:00,24,89,113
2011-08-04 11:00:00,37,112,149
2011-08-04 12:00:00,53,152,205
2011-08-04 13:00:00,63,142,205
2011-08-04 14:00:00,53,114,167
2011-08-04 15:00:00,50,115,165
2011-08-04 16:00:00,70,220,290
2011-08-04 17:00:00,91,464,555
2011-08-04 18:00:00,88,435,523
2011-08-04 19:00:00,65,301,366
2011-08-04 20:00:00,41,245,286
2011-08-04 21:00:00,25,186,211
2011-08-04 22:00:00,33,141,174
2011-08-04 23:00:00,24,108,132
2011-08-05 00:00:00,13,41,54
2011-08-05 01:00:00,3,16,19
2011-08-05 02:00:00,5,14,19
2011-08-05 03:00:00,0,6,6
2011-08-05 04:00:00,1,6,7
2011-08-05 05:00:00,0,16,16
2011-08-05 06:00:00,7,94,101
2011-08-05 07:00:00,23,247,270
2011-08-05 08:00:00,39,415,454
2011-08-05 09:00:00,43,183,226
2011-08-05 10:00:00,50,113,163
2011-08-05 11:00:00,44,103,147
2011-08-05 12:00:00,57,159,216
2011-08-05 13:00:00,40,164,204
2011-08-05 14:00:00,81,164,245
2011-08-05 15:00:00,50,160,210
2011-08-05 16:00:00,76,254,330
2011-08-05 17:00:00,84,466,550
2011-08-05 18:00:00,105,361,466
2011-08-05 19:00:00,90,282,372
2011-08-05 20:00:00,70,221,291
2011-08-05 21:00:00,54,119,173
2011-08-05 22:00:00,51,137,188
2011-08-05 23:00:00,37,102,139
2011-08-06 00:00:00,29,104,133
2011-08-06 01:00:00,17,50,67
2011-08-06 02:00:00,14,39,53
2011-08-06 03:00:00,14,28,42
2011-08-06 04:00:00,5,5,10
2011-08-06 05:00:00,2,4,6
2011-08-06 06:00:00,5,22,27
2011-08-06 07:00:00,14,49,63
2011-08-06 08:00:00,27,94,121
2011-08-06 09:00:00,60,155,215
2011-08-06 10:00:00,91,199,290
2011-08-06 11:00:00,138,211,349
2011-08-06 12:00:00,130,252,382
2011-08-06 13:00:00,176,265,441
2011-08-06 14:00:00,176,204,380
2011-08-06 15:00:00,130,232,362
2011-08-06 16:00:00,155,188,343
2011-08-06 17:00:00,61,88,149
2011-08-06 18:00:00,81,130,211
2011-08-06 19:00:00,57,114,171
2011-08-06 20:00:00,58,79,137
2011-08-06 21:00:00,28,86,114
2011-08-06 22:00:00,24,96,120
2011-08-06 23:00:00,29,79,108
2011-08-07 00:00:00,14,66,80
2011-08-07 01:00:00,10,63,73
2011-08-07 02:00:00,18,48,66
2011-08-07 03:00:00,9,23,32
2011-08-07 04:00:00,1,5,6
2011-08-07 05:00:00,1,4,5
2011-08-07 06:00:00,3,10,13
2011-08-07 07:00:00,11,28,39
2011-08-07 08:00:00,23,66,89
2011-08-07 09:00:00,82,102,184
2011-08-07 10:00:00,88,178,266
2011-08-07 11:00:00,113,156,269
2011-08-07 12:00:00,161,209,370
2011-08-07 13:00:00,118,206,324
2011-08-07 14:00:00,130,192,322
2011-08-07 15:00:00,118,208,326
2011-08-07 16:00:00,74,119,193
2011-08-07 17:00:00,63,131,194
2011-08-07 18:00:00,74,155,229
2011-08-07 19:00:00,68,160,228
2011-08-07 20:00:00,50,133,183
2011-08-07 21:00:00,36,100,136
2011-08-07 22:00:00,21,82,103
2011-08-07 23:00:00,12,43,55
2011-08-08 00:00:00,13,17,30
2011-08-08 01:00:00,4,8,12
2011-08-08 02:00:00,4,3,7
2011-08-08 03:00:00,1,0,1
2011-08-08 04:00:00,2,8,10
2011-08-08 05:00:00,1,14,15
2011-08-08 06:00:00,8,87,95
2011-08-08 07:00:00,18,249,267
2011-08-08 08:00:00,29,320,349
2011-08-08 09:00:00,37,146,183
2011-08-08 10:00:00,62,62,124
2011-08-08 11:00:00,90,89,179
2011-08-08 12:00:00,48,134,182
2011-08-08 13:00:00,43,108,151
2011-08-08 14:00:00,41,109,150
2011-08-08 15:00:00,40,86,126
2011-08-08 16:00:00,64,218,282
2011-08-08 17:00:00,67,460,527
2011-08-08 18:00:00,64,465,529
2011-08-08 19:00:00,64,352,416
2011-08-08 20:00:00,71,215,286
2011-08-08 21:00:00,30,156,186
2011-08-08 22:00:00,26,121,147
2011-08-08 23:00:00,19,53,72
2011-08-09 00:00:00,10,25,35
2011-08-09 01:00:00,5,9,14
2011-08-09 02:00:00,9,3,12
2011-08-09 03:00:00,0,3,3
2011-08-09 04:00:00,1,6,7
2011-08-09 05:00:00,5,25,30
2011-08-09 06:00:00,6,95,101
2011-08-09 07:00:00,30,313,343
2011-08-09 08:00:00,40,352,392
2011-08-09 09:00:00,34,141,175
2011-08-09 10:00:00,55,89,144
2011-08-09 11:00:00,61,88,149
2011-08-09 12:00:00,60,125,185
2011-08-09 13:00:00,48,127,175
2011-08-09 14:00:00,53,95,148
2011-08-09 15:00:00,58,106,164
2011-08-09 16:00:00,57,228,285
2011-08-09 17:00:00,79,453,532
2011-08-09 18:00:00,97,488,585
2011-08-09 19:00:00,69,302,371
2011-08-09 20:00:00,34,258,292
2011-08-09 21:00:00,46,184,230
2011-08-09 22:00:00,28,127,155
2011-08-09 23:00:00,22,53,75
2011-08-10 00:00:00,19,18,37
2011-08-10 01:00:00,7,10,17
2011-08-10 02:00:00,1,10,11
2011-08-10 03:00:00,1,3,4
2011-08-10 04:00:00,1,4,5
2011-08-10 05:00:00,2,30,32
2011-08-10 06:00:00,9,110,119
2011-08-10 07:00:00,16,289,305
2011-08-10 08:00:00,38,361,399
2011-08-10 09:00:00,32,148,180
2011-08-10 10:00:00,41,72,113
2011-08-10 11:00:00,54,95,149
2011-08-10 12:00:00,74,166,240
2011-08-10 13:00:00,41,150,191
2011-08-10 14:00:00,62,116,178
2011-08-10 15:00:00,53,141,194
2011-08-10 16:00:00,76,206,282
2011-08-10 17:00:00,71,513,584
2011-08-10 18:00:00,70,489,559
2011-08-10 19:00:00,79,334,413
2011-08-10 20:00:00,59,253,312
2011-08-10 21:00:00,47,162,209
2011-08-10 22:00:00,17,122,139
2011-08-10 23:00:00,14,94,108
2011-08-11 00:00:00,6,40,46
2011-08-11 01:00:00,9,17,26
2011-08-11 02:00:00,3,8,11
2011-08-11 03:00:00,2,7,9
2011-08-11 04:00:00,1,4,5
2011-08-11 05:00:00,2,23,25
2011-08-11 06:00:00,5,101,106
2011-08-11 07:00:00,15,292,307
2011-08-11 08:00:00,29,361,390
2011-08-11 09:00:00,31,166,197
2011-08-11 10:00:00,36,96,132
2011-08-11 11:00:00,59,128,187
2011-08-11 12:00:00,50,164,214
2011-08-11 13:00:00,51,166,217
2011-08-11 14:00:00,39,103,142
2011-08-11 15:00:00,52,126,178
2011-08-11 16:00:00,57,241,298
2011-08-11 17:00:00,96,486,582
2011-08-11 18:00:00,74,497,571
2011-08-11 19:00:00,48,323,371
2011-08-11 20:00:00,56,232,288
2011-08-11 21:00:00,35,171,206
2011-08-11 22:00:00,34,123,157
2011-08-11 23:00:00,22,105,127
2011-08-12 00:00:00,12,53,65
2011-08-12 01:00:00,4,19,23
2011-08-12 02:00:00,0,15,15
2011-08-12 03:00:00,0,9,9
2011-08-12 04:00:00,0,5,5
2011-08-12 05:00:00,2,24,26
2011-08-12 06:00:00,3,73,76
2011-08-12 07:00:00,17,247,264
2011-08-12 08:00:00,29,397,426
2011-08-12 09:00:00,27,178,205
2011-08-12 10:00:00,44,86,130
2011-08-12 11:00:00,48,108,156
2011-08-12 12:00:00,55,167,222
2011-08-12 13:00:00,74,179,253
2011-08-12 14:00:00,51,135,186
2011-08-12 15:00:00,59,190,249
2011-08-12 16:00:00,68,266,334
2011-08-12 17:00:00,93,423,516
2011-08-12 18:00:00,89,376,465
2011-08-12 19:00:00,101,284,385
2011-08-12 20:00:00,77,210,287
2011-08-12 21:00:00,73,153,226
2011-08-12 22:00:00,74,157,231
2011-08-12 23:00:00,51,100,151
2011-08-13 00:00:00,15,69,84
2011-08-13 01:00:00,13,64,77
2011-08-13 02:00:00,16,58,74
2011-08-13 03:00:00,9,18,27
2011-08-13 04:00:00,5,5,10
2011-08-13 05:00:00,3,15,18
2011-08-13 06:00:00,3,19,22
2011-08-13 07:00:00,10,34,44
2011-08-13 08:00:00,28,90,118
2011-08-13 09:00:00,70,138,208
2011-08-13 10:00:00,97,163,260
2011-08-13 11:00:00,122,192,314
2011-08-13 12:00:00,175,246,421
2011-08-13 13:00:00,61,92,153
2011-08-13 14:00:00,113,146,259
2011-08-13 15:00:00,150,208,358
2011-08-13 16:00:00,148,133,281
2011-08-13 17:00:00,97,172,269
2011-08-13 18:00:00,123,169,292
2011-08-13 19:00:00,67,170,237
2011-08-13 20:00:00,78,105,183
2011-08-13 21:00:00,40,127,167
2011-08-13 22:00:00,36,118,154
2011-08-13 23:00:00,25,95,120
2011-08-14 00:00:00,19,71,90
2011-08-14 01:00:00,16,57,73
2011-08-14 02:00:00,13,49,62
2011-08-14 03:00:00,5,22,27
2011-08-14 04:00:00,1,2,3
2011-08-14 05:00:00,1,9,10
2011-08-14 06:00:00,2,4,6
2011-08-14 07:00:00,4,20,24
2011-08-14 08:00:00,20,21,41
2011-08-14 09:00:00,27,76,103
2011-08-14 10:00:00,67,116,183
2011-08-14 11:00:00,81,117,198
2011-08-14 12:00:00,98,183,281
2011-08-14 13:00:00,144,233,377
2011-08-14 14:00:00,126,244,370
2011-08-14 15:00:00,128,203,331
2011-08-14 16:00:00,116,176,292
2011-08-14 17:00:00,133,196,329
2011-08-14 18:00:00,125,222,347
2011-08-14 19:00:00,75,184,259
2011-08-14 20:00:00,67,126,193
2011-08-14 21:00:00,51,104,155
2011-08-14 22:00:00,14,25,39
2011-08-14 23:00:00,5,22,27
2011-08-15 00:00:00,7,18,25
2011-08-15 01:00:00,1,9,10
2011-08-15 02:00:00,0,3,3
2011-08-15 03:00:00,1,6,7
2011-08-15 04:00:00,1,4,5
2011-08-15 05:00:00,3,14,17
2011-08-15 06:00:00,3,87,90
2011-08-15 07:00:00,10,248,258
2011-08-15 08:00:00,29,326,355
2011-08-15 09:00:00,52,170,222
2011-08-15 10:00:00,54,87,141
2011-08-15 11:00:00,41,112,153
2011-08-15 12:00:00,62,116,178
2011-08-15 13:00:00,53,140,193
2011-08-15 14:00:00,56,95,151
2011-08-15 15:00:00,49,133,182
2011-08-15 16:00:00,58,225,283
2011-08-15 17:00:00,59,471,530
2011-08-15 18:00:00,70,413,483
2011-08-15 19:00:00,54,343,397
2011-08-15 20:00:00,45,240,285
2011-08-15 21:00:00,34,150,184
2011-08-15 22:00:00,22,76,98
2011-08-15 23:00:00,11,77,88
2011-08-16 00:00:00,8,23,31
2011-08-16 01:00:00,4,12,16
2011-08-16 02:00:00,1,3,4
2011-08-16 03:00:00,1,5,6
2011-08-16 04:00:00,0,5,5
2011-08-16 05:00:00,1,29,30
2011-08-16 06:00:00,4,115,119
2011-08-16 07:00:00,18,328,346
2011-08-16 08:00:00,24,417,441
2011-08-16 09:00:00,27,171,198
2011-08-16 10:00:00,28,83,111
2011-08-16 11:00:00,40,110,150
2011-08-16 12:00:00,42,120,162
2011-08-16 13:00:00,45,147,192
2011-08-16 14:00:00,65,117,182
2011-08-16 15:00:00,36,123,159
2011-08-16 16:00:00,55,248,303
2011-08-16 17:00:00,75,525,600
2011-08-16 18:00:00,54,516,570
2011-08-16 19:00:00,56,320,376
2011-08-16 20:00:00,48,232,280
2011-08-16 21:00:00,38,177,215
2011-08-16 22:00:00,31,121,152
2011-08-16 23:00:00,20,57,77
2011-08-17 00:00:00,8,16,24
2011-08-17 01:00:00,2,12,14
2011-08-17 02:00:00,0,6,6
2011-08-17 03:00:00,1,4,5
2011-08-17 04:00:00,0,5,5
2011-08-17 05:00:00,0,28,28
2011-08-17 06:00:00,4,101,105
2011-08-17 07:00:00,12,296,308
2011-08-17 08:00:00,35,452,487
2011-08-17 09:00:00,31,178,209
2011-08-17 10:00:00,27,91,118
2011-08-17 11:00:00,20,108,128
2011-08-17 12:00:00,26,163,189
2011-08-17 13:00:00,38,138,176
2011-08-17 14:00:00,54,138,192
2011-08-17 15:00:00,42,117,159
2011-08-17 16:00:00,62,238,300
2011-08-17 17:00:00,46,506,552
2011-08-17 18:00:00,86,470,556
2011-08-17 19:00:00,50,297,347
2011-08-17 20:00:00,37,243,280
2011-08-17 21:00:00,38,192,230
2011-08-17 22:00:00,29,142,171
2011-08-17 23:00:00,20,85,105
2011-08-18 00:00:00,18,38,56
2011-08-18 01:00:00,13,11,24
2011-08-18 02:00:00,2,4,6
2011-08-18 03:00:00,0,6,6
2011-08-18 04:00:00,0,9,9
2011-08-18 05:00:00,0,27,27
2011-08-18 06:00:00,6,97,103
2011-08-18 07:00:00,19,289,308
2011-08-18 08:00:00,27,393,420
2011-08-18 09:00:00,42,186,228
2011-08-18 10:00:00,37,92,129
2011-08-18 11:00:00,44,97,141
2011-08-18 12:00:00,34,139,173
2011-08-18 13:00:00,33,154,187
2011-08-18 14:00:00,67,115,182
2011-08-18 15:00:00,56,118,174
2011-08-18 16:00:00,49,196,245
2011-08-18 17:00:00,44,365,409
2011-08-18 18:00:00,48,226,274
2011-08-18 19:00:00,26,115,141
2011-08-18 20:00:00,24,141,165
2011-08-18 21:00:00,12,137,149
2011-08-18 22:00:00,18,117,135
2011-08-18 23:00:00,20,94,114
2011-08-19 00:00:00,9,53,62
2011-08-19 01:00:00,1,19,20
2011-08-19 02:00:00,0,8,8
2011-08-19 03:00:00,2,1,3
2011-08-19 04:00:00,1,7,8
2011-08-19 05:00:00,1,16,17
2011-08-19 06:00:00,2,91,93
2011-08-19 07:00:00,12,251,263
2011-08-19 08:00:00,30,368,398
2011-08-19 09:00:00,31,187,218
2011-08-19 10:00:00,57,108,165
2011-08-19 11:00:00,45,120,165
2011-08-19 12:00:00,54,168,222
2011-08-19 13:00:00,63,169,232
2011-08-19 14:00:00,78,142,220
2011-08-19 15:00:00,66,156,222
2011-08-19 16:00:00,66,261,327
2011-08-19 17:00:00,85,442,527
2011-08-19 18:00:00,88,337,425
2011-08-19 19:00:00,33,132,165
2011-08-19 20:00:00,12,46,58
2011-08-19 21:00:00,18,89,107
2011-08-19 22:00:00,25,97,122
2011-08-19 23:00:00,18,88,106
2011-09-01 00:00:00,18,33,51
2011-09-01 01:00:00,7,14,21
2011-09-01 02:00:00,14,11,25
2011-09-01 03:00:00,7,7,14
2011-09-01 04:00:00,0,7,7
2011-09-01 05:00:00,1,22,23
2011-09-01 06:00:00,2,103,105
2011-09-01 07:00:00,7,335,342
2011-09-01 08:00:00,31,467,498
2011-09-01 09:00:00,29,178,207
2011-09-01 10:00:00,46,92,138
2011-09-01 11:00:00,51,141,192
2011-09-01 12:00:00,64,165,229
2011-09-01 13:00:00,50,169,219
2011-09-01 14:00:00,54,144,198
2011-09-01 15:00:00,39,135,174
2011-09-01 16:00:00,55,253,308
2011-09-01 17:00:00,61,567,628
2011-09-01 18:00:00,69,462,531
2011-09-01 19:00:00,79,364,443
2011-09-01 20:00:00,33,247,280
2011-09-01 21:00:00,17,160,177
2011-09-01 22:00:00,34,145,179
2011-09-01 23:00:00,15,111,126
2011-09-02 00:00:00,6,58,64
2011-09-02 01:00:00,4,28,32
2011-09-02 02:00:00,9,11,20
2011-09-02 03:00:00,4,4,8
2011-09-02 04:00:00,2,2,4
2011-09-02 05:00:00,0,20,20
2011-09-02 06:00:00,3,73,76
2011-09-02 07:00:00,6,253,259
2011-09-02 08:00:00,22,434,456
2011-09-02 09:00:00,30,190,220
2011-09-02 10:00:00,34,106,140
2011-09-02 11:00:00,51,141,192
2011-09-02 12:00:00,82,178,260
2011-09-02 13:00:00,72,207,279
2011-09-02 14:00:00,75,208,283
2011-09-02 15:00:00,69,277,346
2011-09-02 16:00:00,82,299,381
2011-09-02 17:00:00,78,377,455
2011-09-02 18:00:00,50,305,355
2011-09-02 19:00:00,67,220,287
2011-09-02 20:00:00,38,158,196
2011-09-02 21:00:00,28,121,149
2011-09-02 22:00:00,33,114,147
2011-09-02 23:00:00,30,68,98
2011-09-03 00:00:00,22,65,87
2011-09-03 01:00:00,17,57,74
2011-09-03 02:00:00,15,26,41
2011-09-03 03:00:00,17,18,35
2011-09-03 04:00:00,3,4,7
2011-09-03 05:00:00,3,9,12
2011-09-03 06:00:00,4,19,23
2011-09-03 07:00:00,5,33,38
2011-09-03 08:00:00,24,65,89
2011-09-03 09:00:00,83,118,201
2011-09-03 10:00:00,90,168,258
2011-09-03 11:00:00,66,128,194
2011-09-03 12:00:00,97,160,257
2011-09-03 13:00:00,153,200,353
2011-09-03 14:00:00,204,176,380
2011-09-03 15:00:00,187,201,388
2011-09-03 16:00:00,186,188,374
2011-09-03 17:00:00,170,201,371
2011-09-03 18:00:00,160,179,339
2011-09-03 19:00:00,147,148,295
2011-09-03 20:00:00,99,120,219
2011-09-03 21:00:00,71,93,164
2011-09-03 22:00:00,66,96,162
2011-09-03 23:00:00,46,77,123
2011-09-04 00:00:00,33,76,109
2011-09-04 01:00:00,37,38,75
2011-09-04 02:00:00,17,43,60
2011-09-04 03:00:00,20,23,43
2011-09-04 04:00:00,0,4,4
2011-09-04 05:00:00,1,5,6
2011-09-04 06:00:00,0,3,3
2011-09-04 07:00:00,10,20,30
2011-09-04 08:00:00,21,49,70
2011-09-04 09:00:00,87,102,189
2011-09-04 10:00:00,150,147,297
2011-09-04 11:00:00,174,163,337
2011-09-04 12:00:00,214,221,435
2011-09-04 13:00:00,245,174,419
2011-09-04 14:00:00,205,156,361
2011-09-04 15:00:00,218,192,410
2011-09-04 16:00:00,196,141,337
2011-09-04 17:00:00,204,172,376
2011-09-04 18:00:00,187,169,356
2011-09-04 19:00:00,178,150,328
2011-09-04 20:00:00,104,125,229
2011-09-04 21:00:00,104,103,207
2011-09-04 22:00:00,70,85,155
2011-09-04 23:00:00,46,58,104
2011-09-05 00:00:00,31,66,97
2011-09-05 01:00:00,19,35,54
2011-09-05 02:00:00,17,22,39
2011-09-05 03:00:00,4,12,16
2011-09-05 04:00:00,3,5,8
2011-09-05 05:00:00,2,4,6
2011-09-05 06:00:00,6,5,11
2011-09-05 07:00:00,11,30,41
2011-09-05 08:00:00,45,56,101
2011-09-05 09:00:00,63,89,152
2011-09-05 10:00:00,107,137,244
2011-09-05 11:00:00,101,207,308
2011-09-05 12:00:00,141,212,353
2011-09-05 13:00:00,154,235,389
2011-09-05 14:00:00,145,212,357
2011-09-05 15:00:00,111,142,253
2011-09-05 16:00:00,92,192,284
2011-09-05 17:00:00,37,77,114
2011-09-05 18:00:00,31,92,123
2011-09-05 19:00:00,52,123,175
2011-09-05 20:00:00,26,56,82
2011-09-05 21:00:00,20,40,60
2011-09-05 22:00:00,15,49,64
2011-09-05 23:00:00,3,17,20
2011-09-06 00:00:00,1,7,8
2011-09-06 02:00:00,0,2,2
2011-09-06 03:00:00,1,0,1
2011-09-06 04:00:00,1,3,4
2011-09-06 05:00:00,1,20,21
2011-09-06 06:00:00,0,72,72
2011-09-06 07:00:00,6,166,172
2011-09-06 08:00:00,15,349,364
2011-09-06 09:00:00,18,167,185
2011-09-06 10:00:00,16,90,106
2011-09-06 11:00:00,11,78,89
2011-09-06 12:00:00,16,51,67
2011-09-06 13:00:00,5,24,29
2011-09-06 14:00:00,3,21,24
2011-09-06 15:00:00,18,71,89
2011-09-06 16:00:00,11,95,106
2011-09-06 17:00:00,15,276,291
2011-09-06 18:00:00,22,351,373
2011-09-06 19:00:00,12,269,281
2011-09-06 20:00:00,13,150,163
2011-09-06 21:00:00,12,109,121
2011-09-06 22:00:00,5,79,84
2011-09-06 23:00:00,2,56,58
2011-09-07 00:00:00,1,12,13
2011-09-07 01:00:00,2,3,5
2011-09-07 02:00:00,2,4,6
2011-09-07 03:00:00,1,1,2
2011-09-07 04:00:00,0,4,4
2011-09-07 05:00:00,1,15,16
2011-09-07 06:00:00,1,74,75
2011-09-07 07:00:00,3,83,86
2011-09-07 08:00:00,9,319,328
2011-09-07 09:00:00,14,176,190
2011-09-07 10:00:00,3,63,66
2011-09-07 11:00:00,1,9,10
2011-09-07 12:00:00,1,21,22
2011-09-07 13:00:00,2,9,11
2011-09-07 14:00:00,1,24,25
2011-09-07 15:00:00,3,55,58
2011-09-07 16:00:00,7,137,144
2011-09-07 17:00:00,21,264,285
2011-09-07 18:00:00,18,219,237
2011-09-07 19:00:00,14,212,226
2011-09-07 20:00:00,3,93,96
2011-09-07 21:00:00,4,34,38
2011-09-07 22:00:00,3,26,29
2011-09-07 23:00:00,3,21,24
2011-09-08 00:00:00,3,11,14
2011-09-08 01:00:00,0,4,4
2011-09-08 03:00:00,0,2,2
2011-09-08 04:00:00,0,3,3
2011-09-08 05:00:00,1,13,14
2011-09-08 06:00:00,1,55,56
2011-09-08 07:00:00,7,172,179
2011-09-08 08:00:00,7,188,195
2011-09-08 09:00:00,4,65,69
2011-09-08 10:00:00,8,57,65
2011-09-08 11:00:00,16,82,98
2011-09-08 12:00:00,17,85,102
2011-09-08 13:00:00,14,112,126
2011-09-08 14:00:00,15,105,120
2011-09-08 15:00:00,24,115,139
2011-09-08 16:00:00,5,151,156
2011-09-08 17:00:00,11,102,113
2011-09-08 18:00:00,2,66,68
2011-09-08 19:00:00,1,51,52
2011-09-08 20:00:00,6,83,89
2011-09-08 21:00:00,6,76,82
2011-09-08 22:00:00,5,65,70
2011-09-08 23:00:00,0,26,26
2011-09-09 00:00:00,1,15,16
2011-09-09 01:00:00,0,8,8
2011-09-09 02:00:00,1,7,8
2011-09-09 03:00:00,1,1,2
2011-09-09 04:00:00,0,3,3
2011-09-09 05:00:00,0,14,14
2011-09-09 06:00:00,3,54,57
2011-09-09 07:00:00,4,104,108
2011-09-09 08:00:00,12,276,288
2011-09-09 09:00:00,5,131,136
2011-09-09 10:00:00,2,27,29
2011-09-09 11:00:00,6,66,72
2011-09-09 12:00:00,4,71,75
2011-09-09 13:00:00,14,108,122
2011-09-09 14:00:00,29,119,148
2011-09-09 15:00:00,27,161,188
2011-09-09 16:00:00,41,244,285
2011-09-09 17:00:00,54,451,505
2011-09-09 18:00:00,33,377,410
2011-09-09 19:00:00,33,316,349
2011-09-09 20:00:00,30,180,210
2011-09-09 21:00:00,49,154,203
2011-09-09 22:00:00,33,127,160
2011-09-09 23:00:00,35,113,148
2011-09-10 00:00:00,32,84,116
2011-09-10 01:00:00,16,67,83
2011-09-10 02:00:00,18,46,64
2011-09-10 03:00:00,8,29,37
2011-09-10 04:00:00,3,4,7
2011-09-10 05:00:00,2,6,8
2011-09-10 06:00:00,0,6,6
2011-09-10 07:00:00,9,43,52
2011-09-10 08:00:00,16,103,119
2011-09-10 09:00:00,39,168,207
2011-09-10 10:00:00,85,233,318
2011-09-10 11:00:00,108,252,360
2011-09-10 12:00:00,144,260,404
2011-09-10 13:00:00,131,239,370
2011-09-10 14:00:00,129,230,359
2011-09-10 15:00:00,217,263,480
2011-09-10 16:00:00,170,261,431
2011-09-10 17:00:00,185,275,460
2011-09-10 18:00:00,119,241,360
2011-09-10 19:00:00,101,214,315
2011-09-10 20:00:00,78,167,245
2011-09-10 21:00:00,59,171,230
2011-09-10 22:00:00,49,126,175
2011-09-10 23:00:00,32,107,139
2011-09-11 00:00:00,29,79,108
2011-09-11 01:00:00,22,66,88
2011-09-11 02:00:00,16,60,76
2011-09-11 03:00:00,15,30,45
2011-09-11 04:00:00,3,6,9
2011-09-11 05:00:00,15,24,39
2011-09-11 06:00:00,4,16,20
2011-09-11 07:00:00,9,28,37
2011-09-11 08:00:00,25,69,94
2011-09-11 09:00:00,59,168,227
2011-09-11 10:00:00,120,214,334
2011-09-11 11:00:00,144,258,402
2011-09-11 12:00:00,113,298,411
2011-09-11 13:00:00,119,231,350
2011-09-11 14:00:00,120,222,342
2011-09-11 15:00:00,134,270,404
2011-09-11 16:00:00,180,303,483
2011-09-11 17:00:00,152,228,380
2011-09-11 18:00:00,110,229,339
2011-09-11 19:00:00,101,232,333
2011-09-11 20:00:00,65,161,226
2011-09-11 21:00:00,45,114,159
2011-09-11 22:00:00,21,74,95
2011-09-11 23:00:00,12,33,45
2011-09-12 00:00:00,5,11,16
2011-09-12 01:00:00,1,11,12
2011-09-12 02:00:00,2,0,2
2011-09-12 04:00:00,0,4,4
2011-09-12 05:00:00,1,23,24
2011-09-12 06:00:00,1,108,109
2011-09-12 07:00:00,12,300,312
2011-09-12 08:00:00,26,382,408
2011-09-12 09:00:00,21,155,176
2011-09-12 10:00:00,40,89,129
2011-09-12 11:00:00,34,131,165
2011-09-12 12:00:00,37,147,184
2011-09-12 13:00:00,43,120,163
2011-09-12 14:00:00,60,129,189
2011-09-12 15:00:00,60,152,212
2011-09-12 16:00:00,60,238,298
2011-09-12 17:00:00,75,515,590
2011-09-12 18:00:00,56,515,571
2011-09-12 19:00:00,63,373,436
2011-09-12 20:00:00,41,258,299
2011-09-12 21:00:00,29,166,195
2011-09-12 22:00:00,16,134,150
2011-09-12 23:00:00,7,62,69
2011-09-13 00:00:00,7,19,26
2011-09-13 01:00:00,4,6,10
2011-09-13 02:00:00,2,0,2
2011-09-13 03:00:00,2,2,4
2011-09-13 04:00:00,2,6,8
2011-09-13 05:00:00,1,19,20
2011-09-13 06:00:00,6,116,122
2011-09-13 07:00:00,14,348,362
2011-09-13 08:00:00,26,399,425
2011-09-13 09:00:00,35,179,214
2011-09-13 10:00:00,42,93,135
2011-09-13 11:00:00,33,120,153
2011-09-13 12:00:00,43,144,187
2011-09-13 13:00:00,48,136,184
2011-09-13 14:00:00,51,139,190
2011-09-13 15:00:00,35,145,180
2011-09-13 16:00:00,41,251,292
2011-09-13 17:00:00,72,507,579
2011-09-13 18:00:00,67,472,539
2011-09-13 19:00:00,55,341,396
2011-09-13 20:00:00,31,241,272
2011-09-13 21:00:00,45,200,245
2011-09-13 22:00:00,24,120,144
2011-09-13 23:00:00,15,59,74
2011-09-14 00:00:00,5,28,33
2011-09-14 01:00:00,1,7,8
2011-09-14 02:00:00,1,4,5
2011-09-14 03:00:00,1,7,8
2011-09-14 04:00:00,1,8,9
2011-09-14 05:00:00,1,30,31
2011-09-14 06:00:00,7,138,145
2011-09-14 07:00:00,20,350,370
2011-09-14 08:00:00,33,396,429
2011-09-14 09:00:00,19,183,202
2011-09-14 10:00:00,27,115,142
2011-09-14 11:00:00,43,121,164
2011-09-14 12:00:00,56,156,212
2011-09-14 13:00:00,39,139,178
2011-09-14 14:00:00,19,105,124
2011-09-14 15:00:00,30,146,176
2011-09-14 16:00:00,36,241,277
2011-09-14 17:00:00,87,512,599
2011-09-14 18:00:00,83,503,586
2011-09-14 19:00:00,44,337,381
2011-09-14 20:00:00,40,221,261
2011-09-14 21:00:00,24,189,213
2011-09-14 22:00:00,20,140,160
2011-09-14 23:00:00,10,62,72
2011-09-15 00:00:00,3,34,37
2011-09-15 01:00:00,0,20,20
2011-09-15 02:00:00,0,5,5
2011-09-15 03:00:00,3,5,8
2011-09-15 04:00:00,2,5,7
2011-09-15 05:00:00,1,30,31
2011-09-15 06:00:00,5,119,124
2011-09-15 07:00:00,17,321,338
2011-09-15 08:00:00,27,364,391
2011-09-15 09:00:00,23,186,209
2011-09-15 10:00:00,25,96,121
2011-09-15 11:00:00,39,120,159
2011-09-15 12:00:00,31,148,179
2011-09-15 13:00:00,38,151,189
2011-09-15 14:00:00,36,134,170
2011-09-15 15:00:00,25,110,135
2011-09-15 16:00:00,29,193,222
2011-09-15 17:00:00,31,230,261
2011-09-15 18:00:00,22,222,244
2011-09-15 19:00:00,20,212,232
2011-09-15 20:00:00,25,223,248
2011-09-15 21:00:00,11,134,145
2011-09-15 22:00:00,7,108,115
2011-09-15 23:00:00,8,61,69
2011-09-16 00:00:00,5,43,48
2011-09-16 01:00:00,7,19,26
2011-09-16 02:00:00,3,7,10
2011-09-16 03:00:00,2,4,6
2011-09-16 04:00:00,1,3,4
2011-09-16 05:00:00,2,30,32
2011-09-16 06:00:00,6,87,93
2011-09-16 07:00:00,16,283,299
2011-09-16 08:00:00,23,386,409
2011-09-16 09:00:00,21,189,210
2011-09-16 10:00:00,36,104,140
2011-09-16 11:00:00,40,139,179
2011-09-16 12:00:00,39,212,251
2011-09-16 13:00:00,55,168,223
2011-09-16 14:00:00,49,176,225
2011-09-16 15:00:00,38,165,203
2011-09-16 16:00:00,67,291,358
2011-09-16 17:00:00,86,480,566
2011-09-16 18:00:00,55,427,482
2011-09-16 19:00:00,59,256,315
2011-09-16 20:00:00,41,184,225
2011-09-16 21:00:00,39,124,163
2011-09-16 22:00:00,32,135,167
2011-09-16 23:00:00,20,106,126
2011-09-17 00:00:00,28,80,108
2011-09-17 01:00:00,28,52,80
2011-09-17 02:00:00,18,61,79
2011-09-17 03:00:00,7,21,28
2011-09-17 04:00:00,1,4,5
2011-09-17 05:00:00,2,3,5
2011-09-17 06:00:00,5,17,22
2011-09-17 07:00:00,4,33,37
2011-09-17 08:00:00,27,81,108
2011-09-17 09:00:00,32,145,177
2011-09-17 10:00:00,72,177,249
2011-09-17 11:00:00,119,248,367
2011-09-17 12:00:00,115,257,372
2011-09-17 13:00:00,124,225,349
2011-09-17 14:00:00,123,174,297
2011-09-17 15:00:00,148,206,354
2011-09-17 16:00:00,116,189,305
2011-09-17 17:00:00,141,218,359
2011-09-17 18:00:00,95,234,329
2011-09-17 19:00:00,70,186,256
2011-09-17 20:00:00,43,133,176
2011-09-17 21:00:00,49,121,170
2011-09-17 22:00:00,31,112,143
2011-09-17 23:00:00,36,100,136
2011-09-18 00:00:00,24,88,112
2011-09-18 01:00:00,13,66,79
2011-09-18 02:00:00,21,68,89
2011-09-18 03:00:00,11,25,36
2011-09-18 04:00:00,1,0,1
2011-09-18 05:00:00,1,5,6
2011-09-18 06:00:00,2,10,12
2011-09-18 07:00:00,15,29,44
2011-09-18 08:00:00,16,53,69
2011-09-18 09:00:00,46,94,140
2011-09-18 10:00:00,82,178,260
2011-09-18 11:00:00,116,201,317
2011-09-18 12:00:00,135,229,364
2011-09-18 13:00:00,162,214,376
2011-09-18 14:00:00,127,184,311
2011-09-18 15:00:00,132,233,365
2011-09-18 16:00:00,134,235,369
2011-09-18 17:00:00,95,230,325
2011-09-18 18:00:00,66,223,289
2011-09-18 19:00:00,54,191,245
2011-09-18 20:00:00,44,136,180
2011-09-18 21:00:00,37,110,147
2011-09-18 22:00:00,9,75,84
2011-09-18 23:00:00,10,44,54
2011-09-19 00:00:00,14,23,37
2011-09-19 01:00:00,3,7,10
2011-09-19 02:00:00,6,7,13
2011-09-19 03:00:00,1,4,5
2011-09-19 04:00:00,2,6,8
2011-09-19 05:00:00,2,26,28
2011-09-19 06:00:00,6,107,113
2011-09-19 07:00:00,20,312,332
2011-09-19 08:00:00,29,391,420
2011-09-19 09:00:00,32,183,215
2011-09-19 10:00:00,21,84,105
2011-09-19 11:00:00,41,98,139
2011-09-19 12:00:00,51,138,189
2011-09-19 13:00:00,53,124,177
2011-09-19 14:00:00,45,143,188
2011-09-19 15:00:00,44,143,187
2011-09-19 16:00:00,55,208,263
2011-09-19 17:00:00,85,483,568
2011-09-19 18:00:00,56,484,540
2011-09-19 19:00:00,41,333,374
2011-09-19 20:00:00,27,204,231
2011-09-19 21:00:00,19,181,200
2011-09-19 22:00:00,25,104,129
2011-09-19 23:00:00,13,55,68
2011-10-01 00:00:00,24,106,130
2011-10-01 01:00:00,11,47,58
2011-10-01 02:00:00,21,46,67
2011-10-01 03:00:00,8,17,25
2011-10-01 04:00:00,2,6,8
2011-10-01 05:00:00,1,4,5
2011-10-01 06:00:00,4,15,19
2011-10-01 07:00:00,6,30,36
2011-10-01 08:00:00,9,58,67
2011-10-01 09:00:00,17,112,129
2011-10-01 10:00:00,21,100,121
2011-10-01 11:00:00,30,102,132
2011-10-01 12:00:00,28,130,158
2011-10-01 13:00:00,27,98,125
2011-10-01 14:00:00,33,147,180
2011-10-01 15:00:00,41,154,195
2011-10-01 16:00:00,58,165,223
2011-10-01 17:00:00,58,170,228
2011-10-01 18:00:00,23,117,140
2011-10-01 19:00:00,27,99,126
2011-10-01 20:00:00,8,58,66
2011-10-01 21:00:00,3,53,56
2011-10-01 22:00:00,12,58,70
2011-10-01 23:00:00,8,57,65
2011-10-02 00:00:00,4,43,47
2011-10-02 01:00:00,1,23,24
2011-10-02 02:00:00,3,27,30
2011-10-02 03:00:00,4,5,9
2011-10-02 04:00:00,4,3,7
2011-10-02 05:00:00,0,7,7
2011-10-02 06:00:00,2,13,15
2011-10-02 07:00:00,5,24,29
2011-10-02 08:00:00,14,50,64
2011-10-02 09:00:00,19,96,115
2011-10-02 10:00:00,60,188,248
2011-10-02 11:00:00,74,218,292
2011-10-02 12:00:00,78,243,321
2011-10-02 13:00:00,84,224,308
2011-10-02 14:00:00,61,195,256
2011-10-02 15:00:00,29,144,173
2011-10-02 16:00:00,44,162,206
2011-10-02 17:00:00,32,135,167
2011-10-02 18:00:00,16,158,174
2011-10-02 19:00:00,34,128,162
2011-10-02 20:00:00,16,71,87
2011-10-02 21:00:00,17,71,88
2011-10-02 22:00:00,9,55,64
2011-10-02 23:00:00,6,19,25
2011-10-03 00:00:00,3,13,16
2011-10-03 01:00:00,1,5,6
2011-10-03 02:00:00,0,4,4
2011-10-03 03:00:00,1,6,7
2011-10-03 04:00:00,2,6,8
2011-10-03 05:00:00,4,17,21
2011-10-03 06:00:00,3,91,94
2011-10-03 07:00:00,8,241,249
2011-10-03 08:00:00,13,359,372
2011-10-03 09:00:00,12,141,153
2011-10-03 10:00:00,19,82,101
2011-10-03 11:00:00,26,100,126
2011-10-03 12:00:00,29,118,147
2011-10-03 13:00:00,16,102,118
2011-10-03 14:00:00,26,94,120
2011-10-03 15:00:00,22,79,101
2011-10-03 16:00:00,16,202,218
2011-10-03 17:00:00,40,455,495
2011-10-03 18:00:00,28,384,412
2011-10-03 19:00:00,15,300,315
2011-10-03 20:00:00,13,191,204
2011-10-03 21:00:00,10,128,138
2011-10-03 22:00:00,12,79,91
2011-10-03 23:00:00,11,43,54
2011-10-04 00:00:00,5,22,27
2011-10-04 01:00:00,1,8,9
2011-10-04 02:00:00,1,2,3
2011-10-04 03:00:00,3,3,6
2011-10-04 04:00:00,3,4,7
2011-10-04 05:00:00,2,25,27
2011-10-04 06:00:00,3,109,112
2011-10-04 07:00:00,11,298,309
2011-10-04 08:00:00,28,372,400
2011-10-04 09:00:00,19,168,187
2011-10-04 10:00:00,19,107,126
2011-10-04 11:00:00,22,102,124
2011-10-04 12:00:00,39,160,199
2011-10-04 13:00:00,20,153,173
2011-10-04 14:00:00,27,156,183
2011-10-04 15:00:00,28,166,194
2011-10-04 16:00:00,36,273,309
2011-10-04 17:00:00,55,530,585
2011-10-04 18:00:00,68,456,524
2011-10-04 19:00:00,35,310,345
2011-10-04 20:00:00,25,236,261
2011-10-04 21:00:00,22,144,166
2011-10-04 22:00:00,8,106,114
2011-10-04 23:00:00,6,60,66
2011-10-05 00:00:00,7,36,43
2011-10-05 01:00:00,4,7,11
2011-10-05 02:00:00,1,2,3
2011-10-05 03:00:00,1,5,6
2011-10-05 04:00:00,1,4,5
2011-10-05 05:00:00,3,29,32
2011-10-05 06:00:00,5,112,117
2011-10-05 07:00:00,9,292,301
2011-10-05 08:00:00,26,441,467
2011-10-05 09:00:00,32,187,219
2011-10-05 10:00:00,30,103,133
2011-10-05 11:00:00,32,138,170
2011-10-05 12:00:00,34,180,214
2011-10-05 13:00:00,30,189,219
2011-10-05 14:00:00,34,156,190
2011-10-05 15:00:00,35,147,182
2011-10-05 16:00:00,37,245,282
2011-10-05 17:00:00,66,525,591
2011-10-05 18:00:00,57,536,593
2011-10-05 19:00:00,40,334,374
2011-10-05 20:00:00,18,228,246
2011-10-05 21:00:00,28,173,201
2011-10-05 22:00:00,20,134,154
2011-10-05 23:00:00,9,64,73
2011-10-06 00:00:00,6,34,40
2011-10-06 01:00:00,5,17,22
2011-10-06 02:00:00,2,8,10
2011-10-06 03:00:00,1,4,5
2011-10-06 04:00:00,0,5,5
2011-10-06 05:00:00,0,24,24
2011-10-06 06:00:00,4,110,114
2011-10-06 07:00:00,15,287,302
2011-10-06 08:00:00,20,437,457
2011-10-06 09:00:00,20,188,208
2011-10-06 10:00:00,24,105,129
2011-10-06 11:00:00,29,115,144
2011-10-06 12:00:00,46,180,226
2011-10-06 13:00:00,33,158,191
2011-10-06 14:00:00,56,139,195
2011-10-06 15:00:00,62,157,219
2011-10-06 16:00:00,51,272,323
2011-10-06 17:00:00,63,505,568
2011-10-06 18:00:00,59,479,538
2011-10-06 19:00:00,38,305,343
2011-10-06 20:00:00,29,231,260
2011-10-06 21:00:00,34,161,195
2011-10-06 22:00:00,24,124,148
2011-10-06 23:00:00,18,81,99
2011-10-07 00:00:00,19,48,67
2011-10-07 01:00:00,3,25,28
2011-10-07 02:00:00,0,5,5
2011-10-07 03:00:00,1,9,10
2011-10-07 04:00:00,0,5,5
2011-10-07 05:00:00,3,24,27
2011-10-07 06:00:00,3,84,87
2011-10-07 07:00:00,5,237,242
2011-10-07 08:00:00,31,386,417
2011-10-07 09:00:00,34,207,241
2011-10-07 10:00:00,48,126,174
2011-10-07 11:00:00,80,150,230
2011-10-07 12:00:00,61,174,235
2011-10-07 13:00:00,95,210,305
2011-10-07 14:00:00,77,179,256
2011-10-07 15:00:00,68,202,270
2011-10-07 16:00:00,73,346,419
2011-10-07 17:00:00,101,462,563
2011-10-07 18:00:00,94,371,465
2011-10-07 19:00:00,51,243,294
2011-10-07 20:00:00,30,167,197
2011-10-07 21:00:00,22,144,166
2011-10-07 22:00:00,27,119,146
2011-10-07 23:00:00,23,113,136
2011-10-08 00:00:00,17,72,89
2011-10-08 01:00:00,14,51,65
2011-10-08 02:00:00,4,41,45
2011-10-08 03:00:00,4,16,20
2011-10-08 04:00:00,3,7,10
2011-10-08 05:00:00,1,7,8
2011-10-08 06:00:00,6,16,22
2011-10-08 07:00:00,27,46,73
2011-10-08 08:00:00,14,89,103
2011-10-08 09:00:00,54,163,217
2011-10-08 10:00:00,120,217,337
2011-10-08 11:00:00,176,221,397
2011-10-08 12:00:00,191,255,446
2011-10-08 13:00:00,256,229,485
2011-10-08 14:00:00,251,214,465
2011-10-08 15:00:00,262,234,496
2011-10-08 16:00:00,221,230,451
2011-10-08 17:00:00,174,219,393
2011-10-08 18:00:00,135,224,359
2011-10-08 19:00:00,76,172,248
2011-10-08 20:00:00,78,124,202
2011-10-08 21:00:00,54,133,187
2011-10-08 22:00:00,45,104,149
2011-10-08 23:00:00,52,90,142
2011-10-09 00:00:00,46,83,129
2011-10-09 01:00:00,15,63,78
2011-10-09 02:00:00,20,35,55
2011-10-09 03:00:00,10,20,30
2011-10-09 04:00:00,7,7,14
2011-10-09 05:00:00,1,14,15
2011-10-09 06:00:00,7,14,21
2011-10-09 07:00:00,18,26,44
2011-10-09 08:00:00,25,82,107
2011-10-09 09:00:00,66,119,185
2011-10-09 10:00:00,155,210,365
2011-10-09 11:00:00,189,234,423
2011-10-09 12:00:00,212,243,455
2011-10-09 13:00:00,225,193,418
2011-10-09 14:00:00,272,228,500
2011-10-09 15:00:00,198,209,407
2011-10-09 16:00:00,223,247,470
2011-10-09 17:00:00,208,230,438
2011-10-09 18:00:00,186,228,414
2011-10-09 19:00:00,116,186,302
2011-10-09 20:00:00,59,134,193
2011-10-09 21:00:00,53,120,173
2011-10-09 22:00:00,48,104,152
2011-10-09 23:00:00,38,85,123
2011-10-10 00:00:00,11,42,53
2011-10-10 01:00:00,4,30,34
2011-10-10 02:00:00,4,15,19
2011-10-10 03:00:00,2,9,11
2011-10-10 04:00:00,2,4,6
2011-10-10 05:00:00,2,19,21
2011-10-10 06:00:00,5,39,44
2011-10-10 07:00:00,12,102,114
2011-10-10 08:00:00,27,227,254
2011-10-10 09:00:00,58,161,219
2011-10-10 10:00:00,107,158,265
2011-10-10 11:00:00,139,183,322
2011-10-10 12:00:00,164,201,365
2011-10-10 13:00:00,146,219,365
2011-10-10 14:00:00,147,223,370
2011-10-10 15:00:00,130,254,384
2011-10-10 16:00:00,154,248,402
2011-10-10 17:00:00,125,334,459
2011-10-10 18:00:00,108,365,473
2011-10-10 19:00:00,69,267,336
2011-10-10 20:00:00,37,188,225
2011-10-10 21:00:00,27,148,175
2011-10-10 22:00:00,22,104,126
2011-10-10 23:00:00,12,63,75
2011-10-11 00:00:00,14,16,30
2011-10-11 01:00:00,2,9,11
2011-10-11 02:00:00,1,4,5
2011-10-11 03:00:00,2,1,3
2011-10-11 04:00:00,0,5,5
2011-10-11 05:00:00,0,20,20
2011-10-11 06:00:00,9,114,123
2011-10-11 07:00:00,19,333,352
2011-10-11 08:00:00,31,375,406
2011-10-11 09:00:00,40,195,235
2011-10-11 10:00:00,38,111,149
2011-10-11 11:00:00,31,92,123
2011-10-11 12:00:00,51,130,181
2011-10-11 13:00:00,42,138,180
2011-10-11 14:00:00,54,117,171
2011-10-11 15:00:00,36,139,175
2011-10-11 16:00:00,63,257,320
2011-10-11 17:00:00,70,534,604
2011-10-11 18:00:00,46,493,539
2011-10-11 19:00:00,33,285,318
2011-10-11 20:00:00,31,203,234
2011-10-11 21:00:00,17,158,175
2011-10-11 22:00:00,27,120,147
2011-10-11 23:00:00,10,47,57
2011-10-12 00:00:00,2,23,25
2011-10-12 01:00:00,2,8,10
2011-10-12 02:00:00,0,2,2
2011-10-12 03:00:00,0,2,2
2011-10-12 04:00:00,1,6,7
2011-10-12 05:00:00,0,22,22
2011-10-12 06:00:00,5,107,112
2011-10-12 07:00:00,15,244,259
2011-10-12 08:00:00,27,377,404
2011-10-12 09:00:00,14,183,197
2011-10-12 10:00:00,15,98,113
2011-10-12 11:00:00,18,102,120
2011-10-12 12:00:00,9,53,62
2011-10-12 13:00:00,25,76,101
2011-10-12 14:00:00,8,70,78
2011-10-12 15:00:00,3,42,45
2011-10-12 16:00:00,5,50,55
2011-10-12 17:00:00,16,235,251
2011-10-12 18:00:00,11,161,172
2011-10-12 19:00:00,7,102,109
2011-10-12 20:00:00,9,81,90
2011-10-12 21:00:00,9,74,83
2011-10-12 22:00:00,3,40,43
2011-10-12 23:00:00,13,41,54
2011-10-13 00:00:00,1,14,15
2011-10-13 01:00:00,3,9,12
2011-10-13 02:00:00,0,4,4
2011-10-13 03:00:00,2,4,6
2011-10-13 04:00:00,2,5,7
2011-10-13 05:00:00,1,16,17
2011-10-13 06:00:00,1,51,52
2011-10-13 07:00:00,5,76,81
2011-10-13 08:00:00,10,199,209
2011-10-13 09:00:00,3,106,109
2011-10-13 10:00:00,16,53,69
2011-10-13 11:00:00,8,76,84
2011-10-13 12:00:00,10,95,105
2011-10-13 13:00:00,20,142,162
2011-10-13 14:00:00,22,111,133
2011-10-13 15:00:00,27,128,155
2011-10-13 16:00:00,36,240,276
2011-10-13 17:00:00,47,432,479
2011-10-13 18:00:00,20,248,268
2011-10-13 19:00:00,18,187,205
2011-10-13 20:00:00,15,166,181
2011-10-13 21:00:00,8,115,123
2011-10-13 22:00:00,13,101,114
2011-10-13 23:00:00,2,45,47
2011-10-14 00:00:00,10,29,39
2011-10-14 01:00:00,8,16,24
2011-10-14 02:00:00,0,6,6
2011-10-14 03:00:00,1,6,7
2011-10-14 04:00:00,0,8,8
2011-10-14 05:00:00,0,17,17
2011-10-14 06:00:00,4,90,94
2011-10-14 07:00:00,10,137,147
2011-10-14 08:00:00,23,186,209
2011-10-14 09:00:00,16,164,180
2011-10-14 10:00:00,17,108,125
2011-10-14 11:00:00,11,76,87
2011-10-14 12:00:00,13,62,75
2011-10-14 13:00:00,18,114,132
2011-10-14 14:00:00,37,119,156
2011-10-14 15:00:00,61,169,230
2011-10-14 16:00:00,80,264,344
2011-10-14 17:00:00,55,426,481
2011-10-14 18:00:00,62,361,423
2011-10-14 19:00:00,27,221,248
2011-10-14 20:00:00,19,177,196
2011-10-14 21:00:00,22,156,178
2011-10-14 22:00:00,20,123,143
2011-10-14 23:00:00,15,80,95
2011-10-15 00:00:00,18,88,106
2011-10-15 01:00:00,9,64,73
2011-10-15 02:00:00,17,39,56
2011-10-15 03:00:00,5,18,23
2011-10-15 04:00:00,0,6,6
2011-10-15 05:00:00,1,6,7
2011-10-15 06:00:00,5,15,20
2011-10-15 07:00:00,17,40,57
2011-10-15 08:00:00,24,101,125
2011-10-15 09:00:00,50,157,207
2011-10-15 10:00:00,115,207,322
2011-10-15 11:00:00,153,221,374
2011-10-15 12:00:00,195,261,456
2011-10-15 13:00:00,171,223,394
2011-10-15 14:00:00,242,230,472
2011-10-15 15:00:00,166,211,377
2011-10-15 16:00:00,179,264,443
2011-10-15 17:00:00,177,264,441
2011-10-15 18:00:00,121,251,372
2011-10-15 19:00:00,61,177,238
2011-10-15 20:00:00,42,137,179
2011-10-15 21:00:00,53,115,168
2011-10-15 22:00:00,45,121,166
2011-10-15 23:00:00,33,102,135
2011-10-16 00:00:00,22,85,107
2011-10-16 01:00:00,13,64,77
2011-10-16 02:00:00,13,52,65
2011-10-16 03:00:00,11,31,42
2011-10-16 04:00:00,5,7,12
2011-10-16 05:00:00,1,6,7
2011-10-16 06:00:00,3,7,10
2011-10-16 07:00:00,9,39,48
2011-10-16 08:00:00,28,71,99
2011-10-16 09:00:00,39,151,190
2011-10-16 10:00:00,121,226,347
2011-10-16 11:00:00,159,218,377
2011-10-16 12:00:00,167,277,444
2011-10-16 13:00:00,169,269,438
2011-10-16 14:00:00,204,258,462
2011-10-16 15:00:00,182,230,412
2011-10-16 16:00:00,177,289,466
2011-10-16 17:00:00,152,253,405
2011-10-16 18:00:00,102,226,328
2011-10-16 19:00:00,52,181,233
2011-10-16 20:00:00,49,129,178
2011-10-16 21:00:00,14,88,102
2011-10-16 22:00:00,42,88,130
2011-10-16 23:00:00,14,48,62
2011-10-17 00:00:00,12,25,37
2011-10-17 01:00:00,2,15,17
2011-10-17 02:00:00,4,3,7
2011-10-17 03:00:00,0,2,2
2011-10-17 04:00:00,2,3,5
2011-10-17 05:00:00,1,28,29
2011-10-17 06:00:00,7,107,114
2011-10-17 07:00:00,10,299,309
2011-10-17 08:00:00,33,381,414
2011-10-17 09:00:00,26,180,206
2011-10-17 10:00:00,43,92,135
2011-10-17 11:00:00,35,131,166
2011-10-17 12:00:00,39,166,205
2011-10-17 13:00:00,49,156,205
2011-10-17 14:00:00,44,122,166
2011-10-17 15:00:00,66,142,208
2011-10-17 16:00:00,64,238,302
2011-10-17 17:00:00,80,540,620
2011-10-17 18:00:00,49,469,518
2011-10-17 19:00:00,45,288,333
2011-10-17 20:00:00,40,189,229
2011-10-17 21:00:00,36,141,177
2011-10-17 22:00:00,16,88,104
2011-10-17 23:00:00,10,52,62
2011-10-18 00:00:00,8,23,31
2011-10-18 01:00:00,4,7,11
2011-10-18 02:00:00,1,4,5
2011-10-18 03:00:00,0,1,1
2011-10-18 04:00:00,0,4,4
2011-10-18 05:00:00,2,19,21
2011-10-18 06:00:00,4,105,109
2011-10-18 07:00:00,15,326,341
2011-10-18 08:00:00,25,474,499
2011-10-18 09:00:00,29,198,227
2011-10-18 10:00:00,27,75,102
2011-10-18 11:00:00,35,112,147
2011-10-18 12:00:00,42,159,201
2011-10-18 13:00:00,48,171,219
2011-10-18 14:00:00,32,137,169
2011-10-18 15:00:00,66,139,205
2011-10-18 16:00:00,58,246,304
2011-10-18 17:00:00,72,553,625
2011-10-18 18:00:00,58,512,570
2011-10-18 19:00:00,31,286,317
2011-10-18 20:00:00,23,204,227
2011-10-18 21:00:00,28,178,206
2011-10-18 22:00:00,22,115,137
2011-10-18 23:00:00,7,63,70
2011-10-19 00:00:00,11,23,34
2011-10-19 01:00:00,7,9,16
2011-10-19 02:00:00,1,6,7
2011-10-19 04:00:00,0,3,3
2011-10-19 05:00:00,0,3,3
2011-10-19 06:00:00,3,28,31
2011-10-19 07:00:00,1,67,68
2011-10-19 08:00:00,10,200,210
2011-10-19 09:00:00,17,185,202
2011-10-19 10:00:00,14,109,123
2011-10-19 11:00:00,33,116,149
2011-10-19 12:00:00,13,117,130
2011-10-19 13:00:00,20,86,106
2011-10-19 14:00:00,17,80,97
2011-10-19 15:00:00,21,99,120
2011-10-19 16:00:00,21,180,201
2011-10-19 17:00:00,11,170,181
2011-10-19 18:00:00,8,132,140
2011-10-19 19:00:00,8,189,197
2011-10-19 20:00:00,5,140,145
2011-10-19 21:00:00,6,79,85
2011-10-19 22:00:00,13,94,107
2011-10-19 23:00:00,14,55,69
2011-11-01 00:00:00,3,18,21
2011-11-01 01:00:00,3,8,11
2011-11-01 02:00:00,1,3,4
2011-11-01 03:00:00,1,5,6
2011-11-01 04:00:00,1,7,8
2011-11-01 05:00:00,0,18,18
2011-11-01 06:00:00,3,90,93
2011-11-01 07:00:00,8,246,254
2011-11-01 08:00:00,17,402,419
2011-11-01 09:00:00,16,206,222
2011-11-01 10:00:00,21,114,135
2011-11-01 11:00:00,16,101,117
2011-11-01 12:00:00,23,153,176
2011-11-01 13:00:00,20,147,167
2011-11-01 14:00:00,32,118,150
2011-11-01 15:00:00,38,148,186
2011-11-01 16:00:00,46,252,298
2011-11-01 17:00:00,36,470,506
2011-11-01 18:00:00,39,421,460
2011-11-01 19:00:00,39,274,313
2011-11-01 20:00:00,18,191,209
2011-11-01 21:00:00,13,114,127
2011-11-01 22:00:00,5,91,96
2011-11-01 23:00:00,11,61,72
2011-11-02 00:00:00,0,19,19
2011-11-02 01:00:00,2,8,10
2011-11-02 02:00:00,0,2,2
2011-11-02 03:00:00,0,2,2
2011-11-02 04:00:00,0,4,4
2011-11-02 05:00:00,0,27,27
2011-11-02 06:00:00,1,91,92
2011-11-02 07:00:00,11,240,251
2011-11-02 08:00:00,20,452,472
2011-11-02 09:00:00,15,213,228
2011-11-02 10:00:00,25,108,133
2011-11-02 11:00:00,27,117,144
2011-11-02 12:00:00,32,157,189
2011-11-02 13:00:00,22,139,161
2011-11-02 14:00:00,40,132,172
2011-11-02 15:00:00,26,161,187
2011-11-02 16:00:00,35,231,266
2011-11-02 17:00:00,30,523,553
2011-11-02 18:00:00,31,448,479
2011-11-02 19:00:00,25,257,282
2011-11-02 20:00:00,5,177,182
2011-11-02 21:00:00,13,155,168
2011-11-02 22:00:00,7,99,106
2011-11-02 23:00:00,3,54,57
2011-11-03 00:00:00,3,28,31
2011-11-03 01:00:00,3,12,15
2011-11-03 02:00:00,2,5,7
2011-11-03 03:00:00,1,4,5
2011-11-03 04:00:00,1,3,4
2011-11-03 05:00:00,1,27,28
2011-11-03 06:00:00,3,96,99
2011-11-03 07:00:00,12,280,292
2011-11-03 08:00:00,8,394,402
2011-11-03 09:00:00,9,155,164
2011-11-03 10:00:00,12,98,110
2011-11-03 11:00:00,12,108,120
2011-11-03 12:00:00,17,162,179
2011-11-03 13:00:00,19,150,169
2011-11-03 14:00:00,32,120,152
2011-11-03 15:00:00,24,138,162
2011-11-03 16:00:00,33,234,267
2011-11-03 17:00:00,33,465,498
2011-11-03 18:00:00,24,409,433
2011-11-03 19:00:00,18,234,252
2011-11-03 20:00:00,11,198,209
2011-11-03 21:00:00,4,140,144
2011-11-03 22:00:00,21,116,137
2011-11-03 23:00:00,15,80,95
2011-11-04 00:00:00,11,32,43
2011-11-04 01:00:00,1,16,17
2011-11-04 02:00:00,2,8,10
2011-11-04 03:00:00,1,7,8
2011-11-04 04:00:00,1,6,7
2011-11-04 05:00:00,0,23,23
2011-11-04 06:00:00,2,64,66
2011-11-04 07:00:00,10,235,245
2011-11-04 08:00:00,8,387,395
2011-11-04 09:00:00,15,239,254
2011-11-04 10:00:00,19,115,134
2011-11-04 11:00:00,34,128,162
2011-11-04 12:00:00,44,153,197
2011-11-04 13:00:00,33,161,194
2011-11-04 14:00:00,54,147,201
2011-11-04 15:00:00,45,192,237
2011-11-04 16:00:00,53,237,290
2011-11-04 17:00:00,42,438,480
2011-11-04 18:00:00,35,339,374
2011-11-04 19:00:00,14,182,196
2011-11-04 20:00:00,15,171,186
2011-11-04 21:00:00,8,115,123
2011-11-04 22:00:00,6,109,115
2011-11-04 23:00:00,17,72,89
2011-11-05 00:00:00,4,48,52
2011-11-05 01:00:00,5,57,62
2011-11-05 02:00:00,7,24,31
2011-11-05 03:00:00,0,8,8
2011-11-05 04:00:00,3,5,8
2011-11-05 05:00:00,0,2,2
2011-11-05 06:00:00,3,20,23
2011-11-05 07:00:00,3,31,34
2011-11-05 08:00:00,4,80,84
2011-11-05 09:00:00,30,111,141
2011-11-05 10:00:00,56,171,227
2011-11-05 11:00:00,69,169,238
2011-11-05 12:00:00,137,235,372
2011-11-05 13:00:00,148,207,355
2011-11-05 14:00:00,159,227,386
2011-11-05 15:00:00,141,202,343
2011-11-05 16:00:00,128,207,335
2011-11-05 17:00:00,100,234,334
2011-11-05 18:00:00,52,185,237
2011-11-05 19:00:00,45,159,204
2011-11-05 20:00:00,29,136,165
2011-11-05 21:00:00,19,99,118
2011-11-05 22:00:00,10,72,82
2011-11-05 23:00:00,4,81,85
2011-11-06 00:00:00,10,65,75
2011-11-06 01:00:00,11,104,115
2011-11-06 02:00:00,6,23,29
2011-11-06 03:00:00,5,4,9
2011-11-06 04:00:00,0,6,6
2011-11-06 05:00:00,0,5,5
2011-11-06 06:00:00,5,11,16
2011-11-06 07:00:00,4,24,28
2011-11-06 08:00:00,19,71,90
2011-11-06 09:00:00,36,134,170
2011-11-06 10:00:00,76,186,262
2011-11-06 11:00:00,104,216,320
2011-11-06 12:00:00,120,226,346
2011-11-06 13:00:00,105,209,314
2011-11-06 14:00:00,101,219,320
2011-11-06 15:00:00,96,210,306
2011-11-06 16:00:00,84,263,347
2011-11-06 17:00:00,71,185,256
2011-11-06 18:00:00,39,146,185
2011-11-06 19:00:00,21,130,151
2011-11-06 20:00:00,16,100,116
2011-11-06 21:00:00,11,77,88
2011-11-06 22:00:00,5,40,45
2011-11-06 23:00:00,7,43,50
2011-11-07 00:00:00,1,14,15
2011-11-07 01:00:00,2,6,8
2011-11-07 02:00:00,0,2,2
2011-11-07 03:00:00,0,3,3
2011-11-07 04:00:00,2,4,6
2011-11-07 05:00:00,1,25,26
2011-11-07 06:00:00,2,97,99
2011-11-07 07:00:00,6,305,311
2011-11-07 08:00:00,13,397,410
2011-11-07 09:00:00,18,156,174
2011-11-07 10:00:00,28,95,123
2011-11-07 11:00:00,28,100,128
2011-11-07 12:00:00,21,158,179
2011-11-07 13:00:00,32,157,189
2011-11-07 14:00:00,30,115,145
2011-11-07 15:00:00,38,132,170
2011-11-07 16:00:00,40,255,295
2011-11-07 17:00:00,39,489,528
2011-11-07 18:00:00,18,407,425
2011-11-07 19:00:00,20,280,300
2011-11-07 20:00:00,17,187,204
2011-11-07 21:00:00,10,129,139
2011-11-07 22:00:00,6,102,108
2011-11-07 23:00:00,1,47,48
2011-11-08 00:00:00,0,18,18
2011-11-08 01:00:00,3,8,11
2011-11-08 02:00:00,0,1,1
2011-11-08 03:00:00,0,3,3
2011-11-08 04:00:00,0,4,4
2011-11-08 05:00:00,1,17,18
2011-11-08 06:00:00,3,96,99
2011-11-08 07:00:00,7,316,323
2011-11-08 08:00:00,11,455,466
2011-11-08 09:00:00,14,177,191
2011-11-08 10:00:00,25,104,129
2011-11-08 11:00:00,21,126,147
2011-11-08 12:00:00,28,175,203
2011-11-08 13:00:00,31,165,196
2011-11-08 14:00:00,32,129,161
2011-11-08 15:00:00,33,155,188
2011-11-08 16:00:00,39,250,289
2011-11-08 17:00:00,40,459,499
2011-11-08 18:00:00,30,432,462
2011-11-08 19:00:00,14,264,278
2011-11-08 20:00:00,12,169,181
2011-11-08 21:00:00,16,166,182
2011-11-08 22:00:00,13,95,108
2011-11-08 23:00:00,3,45,48
2011-11-09 00:00:00,0,13,13
2011-11-09 01:00:00,0,10,10
2011-11-09 02:00:00,0,5,5
2011-11-09 03:00:00,0,4,4
2011-11-09 04:00:00,0,4,4
2011-11-09 05:00:00,0,28,28
2011-11-09 06:00:00,0,98,98
2011-11-09 07:00:00,0,300,300
2011-11-09 08:00:00,19,437,456
2011-11-09 09:00:00,22,197,219
2011-11-09 10:00:00,16,89,105
2011-11-09 11:00:00,21,131,152
2011-11-09 12:00:00,24,156,180
2011-11-09 13:00:00,31,136,167
2011-11-09 14:00:00,26,153,179
2011-11-09 15:00:00,21,130,151
2011-11-09 16:00:00,24,257,281
2011-11-09 17:00:00,27,458,485
2011-11-09 18:00:00,21,387,408
2011-11-09 19:00:00,12,292,304
2011-11-09 20:00:00,18,201,219
2011-11-09 21:00:00,9,152,161
2011-11-09 22:00:00,9,105,114
2011-11-09 23:00:00,5,61,66
2011-11-10 00:00:00,0,24,24
2011-11-10 01:00:00,1,10,11
2011-11-10 02:00:00,0,5,5
2011-11-10 03:00:00,0,11,11
2011-11-10 04:00:00,1,2,3
2011-11-10 05:00:00,1,22,23
2011-11-10 06:00:00,4,110,114
2011-11-10 07:00:00,6,266,272
2011-11-10 08:00:00,18,418,436
2011-11-10 09:00:00,23,188,211
2011-11-10 10:00:00,17,100,117
2011-11-10 11:00:00,9,99,108
2011-11-10 12:00:00,18,149,167
2011-11-10 13:00:00,9,87,96
2011-11-10 14:00:00,6,58,64
2011-11-10 15:00:00,5,57,62
2011-11-10 16:00:00,6,67,73
2011-11-10 17:00:00,9,168,177
2011-11-10 18:00:00,10,263,273
2011-11-10 19:00:00,19,192,211
2011-11-10 20:00:00,8,160,168
2011-11-10 21:00:00,6,130,136
2011-11-10 22:00:00,5,84,89
2011-11-10 23:00:00,9,73,82
2011-11-11 00:00:00,10,56,66
2011-11-11 01:00:00,3,16,19
2011-11-11 02:00:00,1,10,11
2011-11-11 03:00:00,0,6,6
2011-11-11 04:00:00,0,8,8
2011-11-11 05:00:00,0,13,13
2011-11-11 06:00:00,0,46,46
2011-11-11 07:00:00,5,116,121
2011-11-11 08:00:00,9,249,258
2011-11-11 09:00:00,15,186,201
2011-11-11 10:00:00,38,162,200
2011-11-11 11:00:00,20,150,170
2011-11-11 12:00:00,41,198,239
2011-11-11 13:00:00,57,179,236
2011-11-11 14:00:00,64,183,247
2011-11-11 15:00:00,29,187,216
2011-11-11 16:00:00,49,189,238
2011-11-11 17:00:00,24,286,310
2011-11-11 18:00:00,23,185,208
2011-11-11 19:00:00,17,182,199
2011-11-11 20:00:00,12,97,109
2011-11-11 21:00:00,4,79,83
2011-11-11 22:00:00,13,78,91
2011-11-11 23:00:00,6,67,73
2011-11-12 00:00:00,12,52,64
2011-11-12 01:00:00,9,45,54
2011-11-12 02:00:00,7,39,46
2011-11-12 03:00:00,4,13,17
2011-11-12 04:00:00,0,7,7
2011-11-12 05:00:00,1,3,4
2011-11-12 06:00:00,0,7,7
2011-11-12 07:00:00,3,24,27
2011-11-12 08:00:00,14,87,101
2011-11-12 09:00:00,18,142,160
2011-11-12 10:00:00,62,170,232
2011-11-12 11:00:00,102,213,315
2011-11-12 12:00:00,142,224,366
2011-11-12 13:00:00,128,225,353
2011-11-12 14:00:00,191,244,435
2011-11-12 15:00:00,165,221,386
2011-11-12 16:00:00,137,224,361
2011-11-12 17:00:00,92,193,285
2011-11-12 18:00:00,53,150,203
2011-11-12 19:00:00,32,139,171
2011-11-12 20:00:00,31,101,132
2011-11-12 21:00:00,19,103,122
2011-11-12 22:00:00,30,88,118
2011-11-12 23:00:00,23,78,101
2011-11-13 00:00:00,12,61,73
2011-11-13 01:00:00,13,58,71
2011-11-13 02:00:00,9,48,57
2011-11-13 03:00:00,8,20,28
2011-11-13 04:00:00,1,5,6
2011-11-13 05:00:00,2,3,5
2011-11-13 06:00:00,5,18,23
2011-11-13 07:00:00,13,30,43
2011-11-13 08:00:00,24,55,79
2011-11-13 09:00:00,38,97,135
2011-11-13 10:00:00,63,178,241
2011-11-13 11:00:00,108,187,295
2011-11-13 12:00:00,112,242,354
2011-11-13 13:00:00,105,234,339
2011-11-13 14:00:00,108,263,371
2011-11-13 15:00:00,89,221,310
2011-11-13 16:00:00,93,226,319
2011-11-13 17:00:00,44,187,231
2011-11-13 18:00:00,35,155,190
2011-11-13 19:00:00,36,121,157
2011-11-13 20:00:00,24,115,139
2011-11-13 21:00:00,19,76,95
2011-11-13 22:00:00,25,64,89
2011-11-13 23:00:00,18,49,67
2011-11-14 00:00:00,8,22,30
2011-11-14 01:00:00,5,6,11
2011-11-14 02:00:00,7,10,17
2011-11-14 03:00:00,4,3,7
2011-11-14 04:00:00,0,5,5
2011-11-14 05:00:00,0,19,19
2011-11-14 06:00:00,10,104,114
2011-11-14 07:00:00,11,311,322
2011-11-14 08:00:00,27,425,452
2011-11-14 09:00:00,29,204,233
2011-11-14 10:00:00,26,85,111
2011-11-14 11:00:00,22,106,128
2011-11-14 12:00:00,36,166,202
2011-11-14 13:00:00,50,153,203
2011-11-14 14:00:00,47,138,185
2011-11-14 15:00:00,53,142,195
2011-11-14 16:00:00,51,264,315
2011-11-14 17:00:00,55,464,519
2011-11-14 18:00:00,29,460,489
2011-11-14 19:00:00,28,274,302
2011-11-14 20:00:00,30,210,240
2011-11-14 21:00:00,37,176,213
2011-11-14 22:00:00,17,96,113
2011-11-14 23:00:00,13,48,61
2011-11-15 00:00:00,7,15,22
2011-11-15 01:00:00,5,5,10
2011-11-15 02:00:00,7,8,15
2011-11-15 03:00:00,0,4,4
2011-11-15 04:00:00,1,6,7
2011-11-15 05:00:00,2,26,28
2011-11-15 06:00:00,4,104,108
2011-11-15 07:00:00,21,298,319
2011-11-15 08:00:00,27,453,480
2011-11-15 09:00:00,26,174,200
2011-11-15 10:00:00,23,115,138
2011-11-15 11:00:00,18,116,134
2011-11-15 12:00:00,28,148,176
2011-11-15 13:00:00,21,132,153
2011-11-15 14:00:00,27,120,147
2011-11-15 15:00:00,36,155,191
2011-11-15 16:00:00,31,240,271
2011-11-15 17:00:00,29,422,451
2011-11-15 18:00:00,27,414,441
2011-11-15 19:00:00,27,259,286
2011-11-15 20:00:00,26,212,238
2011-11-15 21:00:00,23,145,168
2011-11-15 22:00:00,19,109,128
2011-11-15 23:00:00,14,66,80
2011-11-16 00:00:00,5,26,31
2011-11-16 01:00:00,0,5,5
2011-11-16 02:00:00,4,6,10
2011-11-16 03:00:00,2,3,5
2011-11-16 04:00:00,1,3,4
2011-11-16 05:00:00,0,13,13
2011-11-16 06:00:00,4,52,56
2011-11-16 07:00:00,7,130,137
2011-11-16 08:00:00,9,223,232
2011-11-16 09:00:00,5,77,82
2011-11-16 10:00:00,4,32,36
2011-11-16 11:00:00,7,53,60
2011-11-16 12:00:00,5,49,54
2011-11-16 13:00:00,6,52,58
2011-11-16 14:00:00,12,49,61
2011-11-16 15:00:00,16,50,66
2011-11-16 16:00:00,13,110,123
2011-11-16 17:00:00,17,216,233
2011-11-16 18:00:00,13,176,189
2011-11-16 19:00:00,3,108,111
2011-11-16 20:00:00,5,94,99
2011-11-16 21:00:00,3,72,75
2011-11-16 22:00:00,1,45,46
2011-11-16 23:00:00,3,28,31
2011-11-17 00:00:00,2,22,24
2011-11-17 01:00:00,0,5,5
2011-11-17 02:00:00,0,5,5
2011-11-17 03:00:00,0,3,3
2011-11-17 04:00:00,1,3,4
2011-11-17 05:00:00,1,21,22
2011-11-17 06:00:00,3,72,75
2011-11-17 07:00:00,4,164,168
2011-11-17 08:00:00,12,343,355
2011-11-17 09:00:00,14,184,198
2011-11-17 10:00:00,7,74,81
2011-11-17 11:00:00,4,93,97
2011-11-17 12:00:00,6,115,121
2011-11-17 13:00:00,15,109,124
2011-11-17 14:00:00,5,105,110
2011-11-17 15:00:00,10,106,116
2011-11-17 16:00:00,8,187,195
2011-11-17 17:00:00,20,379,399
2011-11-17 18:00:00,9,298,307
2011-11-17 19:00:00,7,210,217
2011-11-17 20:00:00,7,162,169
2011-11-17 21:00:00,3,113,116
2011-11-17 22:00:00,1,83,84
2011-11-17 23:00:00,0,58,58
2011-11-18 00:00:00,2,28,30
2011-11-18 01:00:00,0,10,10
2011-11-18 02:00:00,2,8,10
2011-11-18 03:00:00,0,2,2
2011-11-18 04:00:00,0,5,5
2011-11-18 05:00:00,0,22,22
2011-11-18 06:00:00,1,70,71
2011-11-18 07:00:00,5,211,216
2011-11-18 08:00:00,6,369,375
2011-11-18 09:00:00,6,207,213
2011-11-18 10:00:00,10,105,115
2011-11-18 11:00:00,18,122,140
2011-11-18 12:00:00,22,143,165
2011-11-18 13:00:00,31,146,177
2011-11-18 14:00:00,31,123,154
2011-11-18 15:00:00,27,151,178
2011-11-18 16:00:00,19,190,209
2011-11-18 17:00:00,17,361,378
2011-11-18 18:00:00,16,312,328
2011-11-18 19:00:00,7,183,190
2011-11-18 20:00:00,8,129,137
2011-11-18 21:00:00,3,108,111
2011-11-18 22:00:00,9,88,97
2011-11-18 23:00:00,5,54,59
2011-11-19 00:00:00,4,49,53
2011-11-19 01:00:00,1,34,35
2011-11-19 02:00:00,12,34,46
2011-11-19 03:00:00,4,11,15
2011-11-19 04:00:00,4,4,8
2011-11-19 05:00:00,0,2,2
2011-11-19 06:00:00,2,10,12
2011-11-19 07:00:00,3,38,41
2011-11-19 08:00:00,12,80,92
2011-11-19 09:00:00,12,130,142
2011-11-19 10:00:00,35,165,200
2011-11-19 11:00:00,50,183,233
2011-11-19 12:00:00,93,218,311
2011-11-19 13:00:00,118,245,363
2011-11-19 14:00:00,121,228,349
2011-11-19 15:00:00,120,262,382
2011-11-19 16:00:00,99,188,287
2011-11-19 17:00:00,61,171,232
2011-11-19 18:00:00,36,172,208
2011-11-19 19:00:00,33,149,182
2011-11-19 20:00:00,48,115,163
2011-11-19 21:00:00,29,79,108
2011-11-19 22:00:00,26,80,106
2011-11-19 23:00:00,20,73,93
2011-12-01 00:00:00,1,19,20
2011-12-01 01:00:00,1,9,10
2011-12-01 02:00:00,1,8,9
2011-12-01 03:00:00,1,6,7
2011-12-01 04:00:00,0,1,1
2011-12-01 05:00:00,1,23,24
2011-12-01 06:00:00,5,92,97
2011-12-01 07:00:00,11,265,276
2011-12-01 08:00:00,15,462,477
2011-12-01 09:00:00,9,215,224
2011-12-01 10:00:00,7,86,93
2011-12-01 11:00:00,7,95,102
2011-12-01 12:00:00,9,139,148
2011-12-01 13:00:00,17,137,154
2011-12-01 14:00:00,20,130,150
2011-12-01 15:00:00,10,144,154
2011-12-01 16:00:00,9,192,201
2011-12-01 17:00:00,9,409,418
2011-12-01 18:00:00,12,393,405
2011-12-01 19:00:00,9,219,228
2011-12-01 20:00:00,12,178,190
2011-12-01 21:00:00,8,154,162
2011-12-01 22:00:00,5,99,104
2011-12-01 23:00:00,3,70,73
2011-12-02 00:00:00,6,32,38
2011-12-02 01:00:00,1,14,15
2011-12-02 02:00:00,0,10,10
2011-12-02 03:00:00,0,1,1
2011-12-02 04:00:00,0,3,3
2011-12-02 05:00:00,0,23,23
2011-12-02 06:00:00,3,84,87
2011-12-02 07:00:00,6,199,205
2011-12-02 08:00:00,13,432,445
2011-12-02 09:00:00,12,234,246
2011-12-02 10:00:00,16,89,105
2011-12-02 11:00:00,18,142,160
2011-12-02 12:00:00,18,186,204
2011-12-02 13:00:00,19,188,207
2011-12-02 14:00:00,25,145,170
2011-12-02 15:00:00,24,175,199
2011-12-02 16:00:00,22,254,276
2011-12-02 17:00:00,20,391,411
2011-12-02 18:00:00,10,362,372
2011-12-02 19:00:00,13,252,265
2011-12-02 20:00:00,12,178,190
2011-12-02 21:00:00,9,102,111
2011-12-02 22:00:00,7,95,102
2011-12-02 23:00:00,14,81,95
2011-12-03 00:00:00,10,65,75
2011-12-03 01:00:00,9,62,71
2011-12-03 02:00:00,9,41,50
2011-12-03 03:00:00,4,5,9
2011-12-03 04:00:00,1,7,8
2011-12-03 05:00:00,0,6,6
2011-12-03 06:00:00,1,10,11
2011-12-03 07:00:00,2,24,26
2011-12-03 08:00:00,1,62,63
2011-12-03 09:00:00,25,99,124
2011-12-03 10:00:00,22,173,195
2011-12-03 11:00:00,48,227,275
2011-12-03 12:00:00,78,280,358
2011-12-03 13:00:00,70,222,292
2011-12-03 14:00:00,92,251,343
2011-12-03 15:00:00,100,237,337
2011-12-03 16:00:00,75,230,305
2011-12-03 17:00:00,46,186,232
2011-12-03 18:00:00,31,193,224
2011-12-03 19:00:00,31,144,175
2011-12-03 20:00:00,17,110,127
2011-12-03 21:00:00,5,104,109
2011-12-03 22:00:00,17,97,114
2011-12-03 23:00:00,12,73,85
2011-12-04 00:00:00,19,64,83
2011-12-04 01:00:00,20,54,74
2011-12-04 02:00:00,11,51,62
2011-12-04 03:00:00,7,34,41
2011-12-04 04:00:00,2,9,11
2011-12-04 05:00:00,2,2,4
2011-12-04 06:00:00,1,3,4
2011-12-04 07:00:00,3,23,26
2011-12-04 08:00:00,7,48,55
2011-12-04 09:00:00,12,114,126
2011-12-04 10:00:00,36,180,216
2011-12-04 11:00:00,48,206,254
2011-12-04 12:00:00,82,247,329
2011-12-04 13:00:00,88,269,357
2011-12-04 14:00:00,77,246,323
2011-12-04 15:00:00,69,227,296
2011-12-04 16:00:00,64,266,330
2011-12-04 17:00:00,38,207,245
2011-12-04 18:00:00,10,161,171
2011-12-04 19:00:00,15,158,173
2011-12-04 20:00:00,8,116,124
2011-12-04 21:00:00,7,65,72
2011-12-04 22:00:00,5,59,64
2011-12-04 23:00:00,3,42,45
2011-12-05 00:00:00,3,21,24
2011-12-05 01:00:00,2,10,12
2011-12-05 02:00:00,0,8,8
2011-12-05 03:00:00,0,2,2
2011-12-05 04:00:00,0,7,7
2011-12-05 05:00:00,1,24,25
2011-12-05 06:00:00,1,89,90
2011-12-05 07:00:00,9,274,283
2011-12-05 08:00:00,12,392,404
2011-12-05 09:00:00,12,178,190
2011-12-05 10:00:00,9,78,87
2011-12-05 11:00:00,17,106,123
2011-12-05 12:00:00,29,125,154
2011-12-05 13:00:00,18,153,171
2011-12-05 14:00:00,7,126,133
2011-12-05 15:00:00,16,132,148
2011-12-05 16:00:00,10,238,248
2011-12-05 17:00:00,16,430,446
2011-12-05 18:00:00,13,386,399
2011-12-05 19:00:00,13,295,308
2011-12-05 20:00:00,15,190,205
2011-12-05 21:00:00,10,166,176
2011-12-05 22:00:00,12,94,106
2011-12-05 23:00:00,8,54,62
2011-12-06 00:00:00,3,25,28
2011-12-06 01:00:00,2,14,16
2011-12-06 02:00:00,0,3,3
2011-12-06 03:00:00,0,3,3
2011-12-06 04:00:00,0,7,7
2011-12-06 05:00:00,0,20,20
2011-12-06 06:00:00,5,81,86
2011-12-06 07:00:00,7,227,234
2011-12-06 08:00:00,13,401,414
2011-12-06 09:00:00,4,200,204
2011-12-06 10:00:00,6,44,50
2011-12-06 11:00:00,4,28,32
2011-12-06 12:00:00,5,50,55
2011-12-06 13:00:00,6,65,71
2011-12-06 14:00:00,6,69,75
2011-12-06 15:00:00,2,43,45
2011-12-06 16:00:00,4,84,88
2011-12-06 17:00:00,13,249,262
2011-12-06 18:00:00,17,287,304
2011-12-06 19:00:00,10,223,233
2011-12-06 20:00:00,3,107,110
2011-12-06 21:00:00,6,108,114
2011-12-06 22:00:00,5,82,87
2011-12-06 23:00:00,5,48,53
2011-12-07 00:00:00,3,30,33
2011-12-07 01:00:00,4,9,13
2011-12-07 02:00:00,2,4,6
2011-12-07 03:00:00,0,3,3
2011-12-07 04:00:00,0,1,1
2011-12-07 05:00:00,0,3,3
2011-12-07 06:00:00,0,18,18
2011-12-07 07:00:00,3,43,46
2011-12-07 08:00:00,6,80,86
2011-12-07 09:00:00,0,64,64
2011-12-07 10:00:00,1,32,33
2011-12-07 11:00:00,3,47,50
2011-12-07 12:00:00,4,29,33
2011-12-07 13:00:00,5,28,33
2011-12-07 14:00:00,1,24,25
2011-12-07 15:00:00,5,25,30
2011-12-07 16:00:00,3,28,31
2011-12-07 17:00:00,4,48,52
2011-12-07 18:00:00,3,48,51
2011-12-07 19:00:00,2,31,33
2011-12-07 20:00:00,1,25,26
2011-12-07 21:00:00,0,6,6
2011-12-07 22:00:00,0,13,13
2011-12-07 23:00:00,0,16,16
2011-12-08 00:00:00,0,21,21
2011-12-08 01:00:00,1,6,7
2011-12-08 02:00:00,0,4,4
2011-12-08 03:00:00,0,1,1
2011-12-08 04:00:00,0,2,2
2011-12-08 05:00:00,0,12,12
2011-12-08 06:00:00,0,71,71
2011-12-08 07:00:00,11,233,244
2011-12-08 08:00:00,11,418,429
2011-12-08 09:00:00,7,218,225
2011-12-08 10:00:00,1,109,110
2011-12-08 11:00:00,6,100,106
2011-12-08 12:00:00,8,148,156
2011-12-08 13:00:00,9,115,124
2011-12-08 14:00:00,16,121,137
2011-12-08 15:00:00,19,98,117
2011-12-08 16:00:00,7,201,208
2011-12-08 17:00:00,10,321,331
2011-12-08 18:00:00,12,306,318
2011-12-08 19:00:00,12,220,232
2011-12-08 20:00:00,5,170,175
2011-12-08 21:00:00,4,135,139
2011-12-08 22:00:00,8,84,92
2011-12-08 23:00:00,3,58,61
2011-12-09 00:00:00,8,26,34
2011-12-09 01:00:00,2,12,14
2011-12-09 02:00:00,2,10,12
2011-12-09 03:00:00,1,5,6
2011-12-09 04:00:00,1,1,2
2011-12-09 05:00:00,0,20,20
2011-12-09 06:00:00,1,62,63
2011-12-09 07:00:00,4,195,199
2011-12-09 08:00:00,7,378,385
2011-12-09 09:00:00,8,256,264
2011-12-09 10:00:00,11,115,126
2011-12-09 11:00:00,15,121,136
2011-12-09 12:00:00,27,146,173
2011-12-09 13:00:00,27,141,168
2011-12-09 14:00:00,24,163,187
2011-12-09 15:00:00,29,160,189
2011-12-09 16:00:00,24,226,250
2011-12-09 17:00:00,10,352,362
2011-12-09 18:00:00,10,308,318
2011-12-09 19:00:00,10,189,199
2011-12-09 20:00:00,10,140,150
2011-12-09 21:00:00,9,131,140
2011-12-09 22:00:00,15,114,129
2011-12-09 23:00:00,6,88,94
2011-12-10 00:00:00,11,66,77
2011-12-10 01:00:00,11,55,66
2011-12-10 02:00:00,12,48,60
2011-12-10 03:00:00,5,20,25
2011-12-10 04:00:00,0,3,3
2011-12-10 05:00:00,0,6,6
2011-12-10 06:00:00,1,10,11
2011-12-10 07:00:00,0,11,11
2011-12-10 08:00:00,5,68,73
2011-12-10 09:00:00,15,134,149
2011-12-10 10:00:00,31,161,192
2011-12-10 11:00:00,44,192,236
2011-12-10 12:00:00,48,235,283
2011-12-10 13:00:00,47,239,286
2011-12-10 14:00:00,51,242,293
2011-12-10 15:00:00,60,239,299
2011-12-10 16:00:00,58,183,241
2011-12-10 17:00:00,34,151,185
2011-12-10 18:00:00,28,144,172
2011-12-10 19:00:00,15,139,154
2011-12-10 20:00:00,10,114,124
2011-12-10 21:00:00,4,79,83
2011-12-10 22:00:00,7,88,95
2011-12-10 23:00:00,5,61,66
2011-12-11 00:00:00,5,69,74
2011-12-11 01:00:00,8,54,62
2011-12-11 02:00:00,5,47,52
2011-12-11 03:00:00,2,17,19
2011-12-11 04:00:00,0,5,5
2011-12-11 05:00:00,0,6,6
2011-12-11 06:00:00,0,10,10
2011-12-11 07:00:00,1,30,31
2011-12-11 08:00:00,4,68,72
2011-12-11 09:00:00,19,88,107
2011-12-11 10:00:00,30,164,194
2011-12-11 11:00:00,31,166,197
2011-12-11 12:00:00,42,246,288
2011-12-11 13:00:00,44,224,268
2011-12-11 14:00:00,44,198,242
2011-12-11 15:00:00,47,219,266
2011-12-11 16:00:00,32,174,206
2011-12-11 17:00:00,13,150,163
2011-12-11 18:00:00,12,151,163
2011-12-11 19:00:00,7,98,105
2011-12-11 20:00:00,10,62,72
2011-12-11 21:00:00,10,53,63
2011-12-11 22:00:00,7,36,43
2011-12-11 23:00:00,4,31,35
2011-12-12 00:00:00,4,16,20
2011-12-12 01:00:00,0,9,9
2011-12-12 02:00:00,0,4,4
2011-12-12 03:00:00,0,2,2
2011-12-12 04:00:00,0,3,3
2011-12-12 05:00:00,0,21,21
2011-12-12 06:00:00,1,63,64
2011-12-12 07:00:00,4,231,235
2011-12-12 08:00:00,7,378,385
2011-12-12 09:00:00,12,208,220
2011-12-12 10:00:00,14,91,105
2011-12-12 11:00:00,15,100,115
2011-12-12 12:00:00,7,138,145
2011-12-12 13:00:00,13,153,166
2011-12-12 14:00:00,16,95,111
2011-12-12 15:00:00,8,124,132
2011-12-12 16:00:00,5,209,214
2011-12-12 17:00:00,7,352,359
2011-12-12 18:00:00,8,349,357
2011-12-12 19:00:00,9,232,241
2011-12-12 20:00:00,8,157,165
2011-12-12 21:00:00,2,119,121
2011-12-12 22:00:00,0,71,71
2011-12-12 23:00:00,3,42,45
2011-12-13 00:00:00,1,16,17
2011-12-13 01:00:00,0,4,4
2011-12-13 02:00:00,1,1,2
2011-12-13 03:00:00,0,3,3
2011-12-13 04:00:00,0,4,4
2011-12-13 05:00:00,0,20,20
2011-12-13 06:00:00,0,92,92
2011-12-13 07:00:00,2,221,223
2011-12-13 08:00:00,9,391,400
2011-12-13 09:00:00,10,223,233
2011-12-13 10:00:00,3,99,102
2011-12-13 11:00:00,9,115,124
2011-12-13 12:00:00,20,147,167
2011-12-13 13:00:00,7,120,127
2011-12-13 14:00:00,18,116,134
2011-12-13 15:00:00,7,144,151
2011-12-13 16:00:00,13,194,207
2011-12-13 17:00:00,17,381,398
2011-12-13 18:00:00,12,370,382
2011-12-13 19:00:00,5,262,267
2011-12-13 20:00:00,7,154,161
2011-12-13 21:00:00,5,134,139
2011-12-13 22:00:00,5,102,107
2011-12-13 23:00:00,4,55,59
2011-12-14 00:00:00,0,22,22
2011-12-14 01:00:00,0,8,8
2011-12-14 02:00:00,0,2,2
2011-12-14 03:00:00,0,3,3
2011-12-14 04:00:00,0,4,4
2011-12-14 05:00:00,0,26,26
2011-12-14 06:00:00,0,87,87
2011-12-14 07:00:00,4,243,247
2011-12-14 08:00:00,9,458,467
2011-12-14 09:00:00,9,230,239
2011-12-14 10:00:00,9,133,142
2011-12-14 11:00:00,12,103,115
2011-12-14 12:00:00,6,138,144
2011-12-14 13:00:00,14,119,133
2011-12-14 14:00:00,17,134,151
2011-12-14 15:00:00,24,143,167
2011-12-14 16:00:00,12,233,245
2011-12-14 17:00:00,19,377,396
2011-12-14 18:00:00,11,379,390
2011-12-14 19:00:00,9,259,268
2011-12-14 20:00:00,6,169,175
2011-12-14 21:00:00,9,145,154
2011-12-14 22:00:00,5,99,104
2011-12-14 23:00:00,3,48,51
2011-12-15 00:00:00,5,45,50
2011-12-15 01:00:00,5,15,20
2011-12-15 02:00:00,2,5,7
2011-12-15 03:00:00,1,2,3
2011-12-15 04:00:00,0,6,6
2011-12-15 05:00:00,0,24,24
2011-12-15 06:00:00,2,90,92
2011-12-15 07:00:00,6,252,258
2011-12-15 08:00:00,8,449,457
2011-12-15 09:00:00,6,274,280
2011-12-15 10:00:00,4,105,109
2011-12-15 11:00:00,9,126,135
2011-12-15 12:00:00,17,140,157
2011-12-15 13:00:00,14,150,164
2011-12-15 14:00:00,8,124,132
2011-12-15 15:00:00,6,76,82
2011-12-15 16:00:00,7,124,131
2011-12-15 17:00:00,14,310,324
2011-12-15 18:00:00,14,363,377
2011-12-15 19:00:00,13,274,287
2011-12-15 20:00:00,12,209,221
2011-12-15 21:00:00,10,145,155
2011-12-15 22:00:00,8,116,124
2011-12-15 23:00:00,10,104,114
2011-12-16 00:00:00,12,60,72
2011-12-16 01:00:00,3,28,31
2011-12-16 02:00:00,0,23,23
2011-12-16 03:00:00,2,3,5
2011-12-16 04:00:00,1,4,5
2011-12-16 05:00:00,0,26,26
2011-12-16 06:00:00,2,80,82
2011-12-16 07:00:00,5,226,231
2011-12-16 08:00:00,10,449,459
2011-12-16 09:00:00,8,235,243
2011-12-16 10:00:00,10,122,132
2011-12-16 11:00:00,9,135,144
2011-12-16 12:00:00,10,163,173
2011-12-16 13:00:00,12,125,137
2011-12-16 14:00:00,13,115,128
2011-12-16 15:00:00,12,141,153
2011-12-16 16:00:00,12,212,224
2011-12-16 17:00:00,13,352,365
2011-12-16 18:00:00,10,285,295
2011-12-16 19:00:00,11,203,214
2011-12-16 20:00:00,6,146,152
2011-12-16 21:00:00,7,95,102
2011-12-16 22:00:00,6,100,106
2011-12-16 23:00:00,4,71,75
2011-12-17 00:00:00,3,59,62
2011-12-17 01:00:00,4,39,43
2011-12-17 02:00:00,11,47,58
2011-12-17 03:00:00,4,22,26
2011-12-17 04:00:00,0,9,9
2011-12-17 05:00:00,2,7,9
2011-12-17 06:00:00,0,17,17
2011-12-17 07:00:00,0,20,20
2011-12-17 08:00:00,4,55,59
2011-12-17 09:00:00,5,95,100
2011-12-17 10:00:00,10,171,181
2011-12-17 11:00:00,21,188,209
2011-12-17 12:00:00,28,216,244
2011-12-17 13:00:00,32,204,236
2011-12-17 14:00:00,30,207,237
2011-12-17 15:00:00,33,195,228
2011-12-17 16:00:00,30,192,222
2011-12-17 17:00:00,12,153,165
2011-12-17 18:00:00,7,150,157
2011-12-17 19:00:00,11,95,106
2011-12-17 20:00:00,7,99,106
2011-12-17 21:00:00,8,88,96
2011-12-17 22:00:00,7,73,80
2011-12-17 23:00:00,6,63,69
2011-12-18 00:00:00,7,64,71
2011-12-18 01:00:00,3,43,46
2011-12-18 02:00:00,2,39,41
2011-12-18 03:00:00,2,16,18
2011-12-18 04:00:00,0,1,1
2011-12-18 05:00:00,1,4,5
2011-12-18 06:00:00,0,3,3
2011-12-18 07:00:00,1,11,12
2011-12-18 08:00:00,1,31,32
2011-12-18 09:00:00,6,75,81
2011-12-18 10:00:00,7,122,129
2011-12-18 11:00:00,20,168,188
2011-12-18 12:00:00,26,202,228
2011-12-18 13:00:00,18,210,228
2011-12-18 14:00:00,19,200,219
2011-12-18 15:00:00,23,184,207
2011-12-18 16:00:00,27,207,234
2011-12-18 17:00:00,10,126,136
2011-12-18 18:00:00,15,123,138
2011-12-18 19:00:00,5,130,135
2011-12-18 20:00:00,10,94,104
2011-12-18 21:00:00,9,80,89
2011-12-18 22:00:00,2,47,49
2011-12-18 23:00:00,6,31,37
2011-12-19 00:00:00,3,14,17
2011-12-19 01:00:00,3,8,11
2011-12-19 02:00:00,0,3,3
2011-12-19 03:00:00,0,3,3
2011-12-19 04:00:00,0,4,4
2011-12-19 05:00:00,0,21,21
2011-12-19 06:00:00,0,68,68
2011-12-19 07:00:00,4,187,191
2011-12-19 08:00:00,8,389,397
2011-12-19 09:00:00,17,166,183
2011-12-19 10:00:00,12,96,108
2011-12-19 11:00:00,22,105,127
2011-12-19 12:00:00,13,128,141
2011-12-19 13:00:00,15,127,142
2011-12-19 14:00:00,30,107,137
2011-12-19 15:00:00,24,135,159
2011-12-19 16:00:00,19,189,208
2011-12-19 17:00:00,16,362,378
2011-12-19 18:00:00,11,343,354
2011-12-19 19:00:00,17,234,251
2011-12-19 20:00:00,9,197,206
2011-12-19 21:00:00,15,112,127
2011-12-19 22:00:00,12,95,107
2011-12-19 23:00:00,10,50,60
2012-01-01 00:00:00,5,43,48
2012-01-01 01:00:00,15,78,93
2012-01-01 02:00:00,16,59,75
2012-01-01 03:00:00,11,41,52
2012-01-01 04:00:00,0,8,8
2012-01-01 05:00:00,0,5,5
2012-01-01 06:00:00,1,1,2
2012-01-01 07:00:00,1,6,7
2012-01-01 08:00:00,4,10,14
2012-01-01 09:00:00,13,27,40
2012-01-01 10:00:00,18,52,70
2012-01-01 11:00:00,40,98,138
2012-01-01 12:00:00,58,143,201
2012-01-01 13:00:00,82,141,223
2012-01-01 14:00:00,120,147,267
2012-01-01 15:00:00,101,164,265
2012-01-01 16:00:00,68,147,215
2012-01-01 17:00:00,36,75,111
2012-01-01 18:00:00,25,81,106
2012-01-01 19:00:00,20,85,105
2012-01-01 20:00:00,25,58,83
2012-01-01 21:00:00,10,61,71
2012-01-01 22:00:00,13,53,66
2012-01-01 23:00:00,4,25,29
2012-01-02 00:00:00,8,31,39
2012-01-02 01:00:00,1,11,12
2012-01-02 02:00:00,1,6,7
2012-01-02 04:00:00,0,4,4
2012-01-02 05:00:00,1,3,4
2012-01-02 06:00:00,0,14,14
2012-01-02 07:00:00,0,16,16
2012-01-02 08:00:00,2,51,53
2012-01-02 09:00:00,15,53,68
2012-01-02 10:00:00,20,89,109
2012-01-02 11:00:00,33,142,175
2012-01-02 12:00:00,41,161,202
2012-01-02 13:00:00,26,150,176
2012-01-02 14:00:00,10,141,151
2012-01-02 15:00:00,29,139,168
2012-01-02 16:00:00,10,144,154
2012-01-02 17:00:00,17,136,153
2012-01-02 18:00:00,13,113,126
2012-01-02 19:00:00,4,89,93
2012-01-02 20:00:00,5,83,88
2012-01-02 21:00:00,3,63,66
2012-01-02 22:00:00,3,36,39
2012-01-02 23:00:00,2,32,34
2012-01-03 00:00:00,0,13,13
2012-01-03 01:00:00,1,5,6
2012-01-03 02:00:00,0,3,3
2012-01-03 03:00:00,0,2,2
2012-01-03 04:00:00,0,5,5
2012-01-03 05:00:00,0,12,12
2012-01-03 06:00:00,4,81,85
2012-01-03 07:00:00,2,168,170
2012-01-03 08:00:00,5,349,354
2012-01-03 09:00:00,8,145,153
2012-01-03 10:00:00,5,55,60
2012-01-03 11:00:00,12,63,75
2012-01-03 12:00:00,4,70,74
2012-01-03 13:00:00,5,68,73
2012-01-03 14:00:00,7,72,79
2012-01-03 15:00:00,9,68,77
2012-01-03 16:00:00,7,129,136
2012-01-03 17:00:00,4,241,245
2012-01-03 18:00:00,10,214,224
2012-01-03 19:00:00,4,152,156
2012-01-03 20:00:00,0,115,115
2012-01-03 21:00:00,2,66,68
2012-01-03 22:00:00,0,33,33
2012-01-03 23:00:00,0,18,18
2012-01-04 00:00:00,0,9,9
2012-01-04 01:00:00,0,3,3
2012-01-04 02:00:00,0,1,1
2012-01-04 03:00:00,0,1,1
2012-01-04 04:00:00,0,2,2
2012-01-04 05:00:00,0,14,14
2012-01-04 06:00:00,0,59,59
2012-01-04 07:00:00,1,151,152
2012-01-04 08:00:00,5,310,315
2012-01-04 09:00:00,7,173,180
2012-01-04 10:00:00,7,57,64
2012-01-04 11:00:00,6,40,46
2012-01-04 12:00:00,9,75,84
2012-01-04 13:00:00,9,82,91
2012-01-04 14:00:00,6,69,75
2012-01-04 15:00:00,9,81,90
2012-01-04 16:00:00,8,123,131
2012-01-04 17:00:00,9,272,281
2012-01-04 18:00:00,9,280,289
2012-01-04 19:00:00,2,182,184
2012-01-04 20:00:00,2,121,123
2012-01-04 21:00:00,2,88,90
2012-01-04 22:00:00,4,48,52
2012-01-04 23:00:00,0,32,32
2012-01-05 00:00:00,1,13,14
2012-01-05 01:00:00,0,5,5
2012-01-05 02:00:00,0,4,4
2012-01-05 03:00:00,0,4,4
2012-01-05 04:00:00,0,5,5
2012-01-05 05:00:00,0,26,26
2012-01-05 06:00:00,0,78,78
2012-01-05 07:00:00,3,212,215
2012-01-05 08:00:00,11,377,388
2012-01-05 09:00:00,7,220,227
2012-01-05 10:00:00,5,81,86
2012-01-05 11:00:00,6,78,84
2012-01-05 12:00:00,6,114,120
2012-01-05 13:00:00,6,112,118
2012-01-05 14:00:00,13,104,117
2012-01-05 15:00:00,6,113,119
2012-01-05 16:00:00,19,178,197
2012-01-05 17:00:00,19,393,412
2012-01-05 18:00:00,9,374,383
2012-01-05 19:00:00,10,255,265
2012-01-05 20:00:00,5,172,177
2012-01-05 21:00:00,9,88,97
2012-01-05 22:00:00,1,70,71
2012-01-05 23:00:00,4,56,60
2012-01-06 00:00:00,1,24,25
2012-01-06 01:00:00,2,6,8
2012-01-06 02:00:00,2,3,5
2012-01-06 03:00:00,1,3,4
2012-01-06 04:00:00,0,3,3
2012-01-06 05:00:00,0,13,13
2012-01-06 06:00:00,1,69,70
2012-01-06 07:00:00,4,201,205
2012-01-06 08:00:00,11,436,447
2012-01-06 09:00:00,4,237,241
2012-01-06 10:00:00,14,102,116
2012-01-06 11:00:00,8,130,138
2012-01-06 12:00:00,23,168,191
2012-01-06 13:00:00,16,188,204
2012-01-06 14:00:00,26,152,178
2012-01-06 15:00:00,44,178,222
2012-01-06 16:00:00,35,259,294
2012-01-06 17:00:00,20,456,476
2012-01-06 18:00:00,28,391,419
2012-01-06 19:00:00,11,261,272
2012-01-06 20:00:00,14,163,177
2012-01-06 21:00:00,17,137,154
2012-01-06 22:00:00,12,123,135
2012-01-06 23:00:00,13,88,101
2012-01-07 00:00:00,2,77,79
2012-01-07 01:00:00,6,56,62
2012-01-07 02:00:00,2,36,38
2012-01-07 03:00:00,1,19,20
2012-01-07 04:00:00,1,9,10
2012-01-07 05:00:00,2,7,9
2012-01-07 06:00:00,0,7,7
2012-01-07 07:00:00,0,20,20
2012-01-07 08:00:00,0,64,64
2012-01-07 09:00:00,14,116,130
2012-01-07 10:00:00,43,160,203
2012-01-07 11:00:00,74,250,324
2012-01-07 12:00:00,100,276,376
2012-01-07 13:00:00,149,296,445
2012-01-07 14:00:00,156,356,512
2012-01-07 15:00:00,132,317,449
2012-01-07 16:00:00,133,268,401
2012-01-07 17:00:00,87,235,322
2012-01-07 18:00:00,49,248,297
2012-01-07 19:00:00,44,171,215
2012-01-07 20:00:00,21,149,170
2012-01-07 21:00:00,22,118,140
2012-01-07 22:00:00,16,93,109
2012-01-07 23:00:00,16,103,119
2012-01-08 00:00:00,14,77,91
2012-01-08 01:00:00,10,62,72
2012-01-08 02:00:00,10,57,67
2012-01-08 03:00:00,6,26,32
2012-01-08 04:00:00,2,4,6
2012-01-08 05:00:00,0,2,2
2012-01-08 06:00:00,0,2,2
2012-01-08 07:00:00,1,23,24
2012-01-08 08:00:00,4,53,57
2012-01-08 09:00:00,23,102,125
2012-01-08 10:00:00,27,181,208
2012-01-08 11:00:00,55,201,256
2012-01-08 12:00:00,78,273,351
2012-01-08 13:00:00,77,266,343
2012-01-08 14:00:00,75,253,328
2012-01-08 15:00:00,89,241,330
2012-01-08 16:00:00,58,256,314
2012-01-08 17:00:00,22,197,219
2012-01-08 18:00:00,19,162,181
2012-01-08 19:00:00,8,104,112
2012-01-08 20:00:00,7,119,126
2012-01-08 21:00:00,10,81,91
2012-01-08 22:00:00,4,54,58
2012-01-08 23:00:00,0,30,30
2012-01-09 00:00:00,3,12,15
2012-01-09 01:00:00,1,4,5
2012-01-09 02:00:00,2,3,5
2012-01-09 03:00:00,0,3,3
2012-01-09 04:00:00,0,4,4
2012-01-09 05:00:00,0,21,21
2012-01-09 06:00:00,3,85,88
2012-01-09 07:00:00,1,239,240
2012-01-09 08:00:00,13,407,420
2012-01-09 09:00:00,9,188,197
2012-01-09 10:00:00,13,95,108
2012-01-09 11:00:00,6,82,88
2012-01-09 12:00:00,10,93,103
2012-01-09 13:00:00,3,77,80
2012-01-09 14:00:00,5,45,50
2012-01-09 15:00:00,5,64,69
2012-01-09 16:00:00,3,46,49
2012-01-09 17:00:00,5,147,152
2012-01-09 18:00:00,6,158,164
2012-01-09 19:00:00,3,187,190
2012-01-09 20:00:00,5,127,132
2012-01-09 21:00:00,1,78,79
2012-01-09 22:00:00,8,54,62
2012-01-09 23:00:00,1,51,52
2012-01-10 00:00:00,0,14,14
2012-01-10 01:00:00,2,3,5
2012-01-10 02:00:00,2,2,4
2012-01-10 04:00:00,0,4,4
2012-01-10 05:00:00,0,23,23
2012-01-10 06:00:00,0,79,79
2012-01-10 07:00:00,3,219,222
2012-01-10 08:00:00,6,465,471
2012-01-10 09:00:00,11,184,195
2012-01-10 10:00:00,3,80,83
2012-01-10 11:00:00,8,93,101
2012-01-10 12:00:00,13,127,140
2012-01-10 13:00:00,15,163,178
2012-01-10 14:00:00,10,96,106
2012-01-10 15:00:00,17,119,136
2012-01-10 16:00:00,15,225,240
2012-01-10 17:00:00,14,446,460
2012-01-10 18:00:00,13,372,385
2012-01-10 19:00:00,11,270,281
2012-01-10 20:00:00,10,190,200
2012-01-10 21:00:00,7,109,116
2012-01-10 22:00:00,10,104,114
2012-01-10 23:00:00,3,38,41
2012-01-11 00:00:00,2,26,28
2012-01-11 01:00:00,1,6,7
2012-01-11 02:00:00,0,5,5
2012-01-11 03:00:00,0,4,4
2012-01-11 04:00:00,0,2,2
2012-01-11 05:00:00,0,22,22
2012-01-11 06:00:00,2,72,74
2012-01-11 07:00:00,9,247,256
2012-01-11 08:00:00,11,488,499
2012-01-11 09:00:00,7,218,225
2012-01-11 10:00:00,13,84,97
2012-01-11 11:00:00,9,90,99
2012-01-11 12:00:00,4,51,55
2012-01-11 13:00:00,8,57,65
2012-01-11 14:00:00,3,70,73
2012-01-11 15:00:00,6,73,79
2012-01-11 16:00:00,6,112,118
2012-01-11 17:00:00,6,128,134
2012-01-11 18:00:00,2,96,98
2012-01-11 19:00:00,1,92,93
2012-01-11 20:00:00,2,55,57
2012-01-11 21:00:00,0,29,29
2012-01-11 22:00:00,0,49,49
2012-01-11 23:00:00,0,9,9
2012-01-12 00:00:00,0,3,3
2012-01-12 01:00:00,0,3,3
2012-01-12 02:00:00,1,1,2
2012-01-12 03:00:00,0,3,3
2012-01-12 04:00:00,0,2,2
2012-01-12 05:00:00,0,16,16
2012-01-12 06:00:00,1,88,89
2012-01-12 07:00:00,2,218,220
2012-01-12 08:00:00,11,497,508
2012-01-12 09:00:00,10,220,230
2012-01-12 10:00:00,6,84,90
2012-01-12 11:00:00,18,101,119
2012-01-12 12:00:00,14,130,144
2012-01-12 13:00:00,13,170,183
2012-01-12 14:00:00,24,132,156
2012-01-12 15:00:00,32,156,188
2012-01-12 16:00:00,33,248,281
2012-01-12 17:00:00,23,472,495
2012-01-12 18:00:00,22,399,421
2012-01-12 19:00:00,17,313,330
2012-01-12 20:00:00,11,229,240
2012-01-12 21:00:00,12,162,174
2012-01-12 22:00:00,12,121,133
2012-01-12 23:00:00,7,60,67
2012-01-13 00:00:00,4,38,42
2012-01-13 01:00:00,0,12,12
2012-01-13 02:00:00,1,13,14
2012-01-13 03:00:00,3,4,7
2012-01-13 04:00:00,1,2,3
2012-01-13 05:00:00,0,21,21
2012-01-13 06:00:00,2,71,73
2012-01-13 07:00:00,3,174,177
2012-01-13 08:00:00,11,408,419
2012-01-13 09:00:00,10,204,214
2012-01-13 10:00:00,2,101,103
2012-01-13 11:00:00,12,102,114
2012-01-13 12:00:00,14,140,154
2012-01-13 13:00:00,14,140,154
2012-01-13 14:00:00,10,119,129
2012-01-13 15:00:00,15,123,138
2012-01-13 16:00:00,18,215,233
2012-01-13 17:00:00,15,317,332
2012-01-13 18:00:00,7,294,301
2012-01-13 19:00:00,7,199,206
2012-01-13 20:00:00,6,130,136
2012-01-13 21:00:00,7,95,102
2012-01-13 22:00:00,7,58,65
2012-01-13 23:00:00,5,60,65
2012-01-14 00:00:00,2,42,44
2012-01-14 01:00:00,6,44,50
2012-01-14 02:00:00,6,32,38
2012-01-14 03:00:00,6,14,20
2012-01-14 04:00:00,0,3,3
2012-01-14 05:00:00,0,4,4
2012-01-14 06:00:00,0,5,5
2012-01-14 07:00:00,0,24,24
2012-01-14 08:00:00,3,89,92
2012-01-14 09:00:00,3,78,81
2012-01-14 10:00:00,14,135,149
2012-01-14 11:00:00,28,150,178
2012-01-14 12:00:00,30,189,219
2012-01-14 13:00:00,38,182,220
2012-01-14 14:00:00,52,179,231
2012-01-14 15:00:00,49,177,226
2012-01-14 16:00:00,28,178,206
2012-01-14 17:00:00,15,129,144
2012-01-14 18:00:00,21,122,143
2012-01-14 19:00:00,12,90,102
2012-01-14 20:00:00,8,95,103
2012-01-14 21:00:00,3,66,69
2012-01-14 22:00:00,4,62,66
2012-01-14 23:00:00,5,71,76
2012-01-15 00:00:00,9,50,59
2012-01-15 01:00:00,2,40,42
2012-01-15 02:00:00,5,38,43
2012-01-15 03:00:00,1,24,25
2012-01-15 04:00:00,1,5,6
2012-01-15 05:00:00,0,5,5
2012-01-15 06:00:00,1,7,8
2012-01-15 07:00:00,3,14,17
2012-01-15 08:00:00,2,34,36
2012-01-15 09:00:00,10,80,90
2012-01-15 10:00:00,11,115,126
2012-01-15 11:00:00,21,144,165
2012-01-15 12:00:00,42,192,234
2012-01-15 13:00:00,40,184,224
2012-01-15 14:00:00,25,163,188
2012-01-15 15:00:00,33,173,206
2012-01-15 16:00:00,31,174,205
2012-01-15 17:00:00,15,131,146
2012-01-15 18:00:00,7,113,120
2012-01-15 19:00:00,9,101,110
2012-01-15 20:00:00,10,85,95
2012-01-15 21:00:00,1,71,72
2012-01-15 22:00:00,2,58,60
2012-01-15 23:00:00,3,26,29
2012-01-16 00:00:00,2,23,25
2012-01-16 01:00:00,2,18,20
2012-01-16 02:00:00,3,14,17
2012-01-16 03:00:00,0,3,3
2012-01-16 04:00:00,2,6,8
2012-01-16 05:00:00,1,5,6
2012-01-16 06:00:00,0,13,13
2012-01-16 07:00:00,5,28,33
2012-01-16 08:00:00,3,75,78
2012-01-16 09:00:00,7,89,96
2012-01-16 10:00:00,19,107,126
2012-01-16 11:00:00,21,158,179
2012-01-16 12:00:00,20,165,185
2012-01-16 13:00:00,26,202,228
2012-01-16 14:00:00,23,158,181
2012-01-16 15:00:00,17,175,192
2012-01-16 16:00:00,22,158,180
2012-01-16 17:00:00,19,174,193
2012-01-16 18:00:00,6,175,181
2012-01-16 19:00:00,10,134,144
2012-01-16 20:00:00,2,88,90
2012-01-16 21:00:00,3,46,49
2012-01-16 22:00:00,4,39,43
2012-01-16 23:00:00,0,28,28
2012-01-17 00:00:00,0,12,12
2012-01-17 01:00:00,0,2,2
2012-01-17 02:00:00,0,12,12
2012-01-17 04:00:00,0,2,2
2012-01-17 05:00:00,0,13,13
2012-01-17 06:00:00,0,57,57
2012-01-17 07:00:00,5,121,126
2012-01-17 08:00:00,3,90,93
2012-01-17 09:00:00,7,61,68
2012-01-17 10:00:00,1,61,62
2012-01-17 11:00:00,2,73,75
2012-01-17 12:00:00,3,83,86
2012-01-17 13:00:00,8,95,103
2012-01-17 14:00:00,12,120,132
2012-01-17 15:00:00,6,123,129
2012-01-17 16:00:00,14,205,219
2012-01-17 17:00:00,20,442,462
2012-01-17 18:00:00,12,451,463
2012-01-17 19:00:00,11,297,308
2012-01-17 20:00:00,11,169,180
2012-01-17 21:00:00,6,174,180
2012-01-17 22:00:00,5,85,90
2012-01-17 23:00:00,1,60,61
2012-01-18 00:00:00,3,14,17
2012-01-18 01:00:00,0,10,10
2012-01-18 02:00:00,1,1,2
2012-01-18 03:00:00,1,3,4
2012-01-18 04:00:00,0,1,1
2012-01-18 05:00:00,0,29,29
2012-01-18 06:00:00,0,88,88
2012-01-18 07:00:00,1,262,263
2012-01-18 08:00:00,15,474,489
2012-01-18 09:00:00,6,196,202
2012-01-18 10:00:00,5,88,93
2012-01-18 11:00:00,4,110,114
2012-01-18 12:00:00,6,155,161
2012-01-18 13:00:00,6,124,130
2012-01-18 14:00:00,7,98,105
2012-01-18 15:00:00,8,122,130
2012-01-18 16:00:00,13,163,176
2012-01-18 17:00:00,8,338,346
2012-01-18 18:00:00,8,347,355
2012-01-18 19:00:00,5,251,256
2012-01-18 20:00:00,1,164,165
2012-01-18 21:00:00,5,119,124
2012-01-18 22:00:00,4,74,78
2012-01-18 23:00:00,2,36,38
2012-01-19 00:00:00,0,16,16
2012-01-19 01:00:00,0,5,5
2012-01-19 02:00:00,0,3,3
2012-01-19 03:00:00,0,4,4
2012-01-19 04:00:00,0,1,1
2012-01-19 05:00:00,0,19,19
2012-01-19 06:00:00,0,86,86
2012-01-19 07:00:00,2,204,206
2012-01-19 08:00:00,9,414,423
2012-01-19 09:00:00,6,204,210
2012-01-19 10:00:00,10,98,108
2012-01-19 11:00:00,6,93,99
2012-01-19 12:00:00,5,106,111
2012-01-19 13:00:00,6,118,124
2012-01-19 14:00:00,15,104,119
2012-01-19 15:00:00,9,118,127
2012-01-19 16:00:00,8,185,193
2012-01-19 17:00:00,21,364,385
2012-01-19 18:00:00,16,345,361
2012-01-19 19:00:00,5,229,234
2012-01-19 20:00:00,7,184,191
2012-01-19 21:00:00,4,117,121
2012-01-19 22:00:00,0,90,90
2012-01-19 23:00:00,1,55,56
2012-02-01 00:00:00,0,31,31
2012-02-01 01:00:00,0,4,4
2012-02-01 02:00:00,1,6,7
2012-02-01 03:00:00,0,3,3
2012-02-01 04:00:00,0,1,1
2012-02-01 05:00:00,0,18,18
2012-02-01 06:00:00,0,67,67
2012-02-01 07:00:00,7,201,208
2012-02-01 08:00:00,15,505,520
2012-02-01 09:00:00,9,267,276
2012-02-01 10:00:00,9,124,133
2012-02-01 11:00:00,27,116,143
2012-02-01 12:00:00,26,153,179
2012-02-01 13:00:00,12,174,186
2012-02-01 14:00:00,33,159,192
2012-02-01 15:00:00,25,169,194
2012-02-01 16:00:00,22,261,283
2012-02-01 17:00:00,31,508,539
2012-02-01 18:00:00,12,514,526
2012-02-01 19:00:00,20,315,335
2012-02-01 20:00:00,10,254,264
2012-02-01 21:00:00,16,217,233
2012-02-01 22:00:00,7,133,140
2012-02-01 23:00:00,22,75,97
2012-02-02 00:00:00,7,24,31
2012-02-02 01:00:00,3,14,17
2012-02-02 02:00:00,2,7,9
2012-02-02 03:00:00,0,2,2
2012-02-02 04:00:00,0,1,1
2012-02-02 05:00:00,0,19,19
2012-02-02 06:00:00,1,73,74
2012-02-02 07:00:00,4,201,205
2012-02-02 08:00:00,9,436,445
2012-02-02 09:00:00,15,213,228
2012-02-02 10:00:00,6,72,78
2012-02-02 11:00:00,6,99,105
2012-02-02 12:00:00,8,140,148
2012-02-02 13:00:00,13,124,137
2012-02-02 14:00:00,12,129,141
2012-02-02 15:00:00,24,150,174
2012-02-02 16:00:00,18,211,229
2012-02-02 17:00:00,13,437,450
2012-02-02 18:00:00,17,393,410
2012-02-02 19:00:00,16,311,327
2012-02-02 20:00:00,9,204,213
2012-02-02 21:00:00,4,144,148
2012-02-02 22:00:00,3,106,109
2012-02-02 23:00:00,0,61,61
2012-02-03 00:00:00,1,37,38
2012-02-03 01:00:00,3,19,22
2012-02-03 02:00:00,0,6,6
2012-02-03 03:00:00,0,4,4
2012-02-03 04:00:00,0,2,2
2012-02-03 05:00:00,0,17,17
2012-02-03 06:00:00,0,88,88
2012-02-03 07:00:00,10,216,226
2012-02-03 08:00:00,12,429,441
2012-02-03 09:00:00,18,252,270
2012-02-03 10:00:00,15,114,129
2012-02-03 11:00:00,15,149,164
2012-02-03 12:00:00,25,191,216
2012-02-03 13:00:00,25,173,198
2012-02-03 14:00:00,22,148,170
2012-02-03 15:00:00,48,168,216
2012-02-03 16:00:00,36,275,311
2012-02-03 17:00:00,30,458,488
2012-02-03 18:00:00,17,368,385
2012-02-03 19:00:00,11,256,267
2012-02-03 20:00:00,8,155,163
2012-02-03 21:00:00,8,126,134
2012-02-03 22:00:00,3,116,119
2012-02-03 23:00:00,3,74,77
2012-02-04 00:00:00,10,76,86
2012-02-04 01:00:00,0,43,43
2012-02-04 02:00:00,6,38,44
2012-02-04 03:00:00,1,17,18
2012-02-04 04:00:00,1,5,6
2012-02-04 05:00:00,1,3,4
2012-02-04 06:00:00,1,4,5
2012-02-04 07:00:00,1,27,28
2012-02-04 08:00:00,4,86,90
2012-02-04 09:00:00,16,141,157
2012-02-04 10:00:00,31,193,224
2012-02-04 11:00:00,46,224,270
2012-02-04 12:00:00,40,260,300
2012-02-04 13:00:00,58,244,302
2012-02-04 14:00:00,47,229,276
2012-02-04 15:00:00,61,244,305
2012-02-04 16:00:00,20,123,143
2012-02-04 17:00:00,13,54,67
2012-02-04 18:00:00,6,58,64
2012-02-04 19:00:00,5,75,80
2012-02-04 20:00:00,4,73,77
2012-02-04 21:00:00,4,74,78
2012-02-04 22:00:00,4,91,95
2012-02-04 23:00:00,4,66,70
2012-02-05 00:00:00,3,58,61
2012-02-05 01:00:00,5,46,51
2012-02-05 02:00:00,4,59,63
2012-02-05 03:00:00,4,13,17
2012-02-05 04:00:00,0,9,9
2012-02-05 05:00:00,0,4,4
2012-02-05 06:00:00,0,4,4
2012-02-05 07:00:00,0,16,16
2012-02-05 08:00:00,4,58,62
2012-02-05 09:00:00,9,83,92
2012-02-05 10:00:00,10,138,148
2012-02-05 11:00:00,22,160,182
2012-02-05 12:00:00,25,223,248
2012-02-05 13:00:00,33,241,274
2012-02-05 14:00:00,40,203,243
2012-02-05 15:00:00,55,217,272
2012-02-05 16:00:00,35,261,296
2012-02-05 17:00:00,31,275,306
2012-02-05 18:00:00,10,171,181
2012-02-05 19:00:00,6,63,69
2012-02-05 20:00:00,3,47,50
2012-02-05 21:00:00,6,60,66
2012-02-05 22:00:00,9,182,191
2012-02-05 23:00:00,4,38,42
2012-02-06 00:00:00,7,14,21
2012-02-06 01:00:00,0,6,6
2012-02-06 02:00:00,0,3,3
2012-02-06 04:00:00,0,2,2
2012-02-06 05:00:00,0,17,17
2012-02-06 06:00:00,0,72,72
2012-02-06 07:00:00,5,229,234
2012-02-06 08:00:00,10,434,444
2012-02-06 09:00:00,8,269,277
2012-02-06 10:00:00,20,96,116
2012-02-06 11:00:00,12,104,116
2012-02-06 12:00:00,19,131,150
2012-02-06 13:00:00,17,124,141
2012-02-06 14:00:00,14,126,140
2012-02-06 15:00:00,25,146,171
2012-02-06 16:00:00,13,215,228
2012-02-06 17:00:00,13,417,430
2012-02-06 18:00:00,11,426,437
2012-02-06 19:00:00,7,284,291
2012-02-06 20:00:00,7,194,201
2012-02-06 21:00:00,11,143,154
2012-02-06 22:00:00,4,83,87
2012-02-06 23:00:00,3,43,46
2012-02-07 00:00:00,1,22,23
2012-02-07 01:00:00,8,6,14
2012-02-07 02:00:00,0,4,4
2012-02-07 03:00:00,1,1,2
2012-02-07 04:00:00,0,3,3
2012-02-07 05:00:00,0,15,15
2012-02-07 06:00:00,2,98,100
2012-02-07 07:00:00,6,293,299
2012-02-07 08:00:00,7,522,529
2012-02-07 09:00:00,11,278,289
2012-02-07 10:00:00,12,104,116
2012-02-07 11:00:00,9,120,129
2012-02-07 12:00:00,9,163,172
2012-02-07 13:00:00,15,169,184
2012-02-07 14:00:00,11,127,138
2012-02-07 15:00:00,13,133,146
2012-02-07 16:00:00,19,257,276
2012-02-07 17:00:00,15,494,509
2012-02-07 18:00:00,10,508,518
2012-02-07 19:00:00,11,327,338
2012-02-07 20:00:00,6,206,212
2012-02-07 21:00:00,20,170,190
2012-02-07 22:00:00,11,107,118
2012-02-07 23:00:00,2,49,51
2012-02-08 00:00:00,2,21,23
2012-02-08 01:00:00,1,9,10
2012-02-08 02:00:00,0,1,1
2012-02-08 03:00:00,0,1,1
2012-02-08 04:00:00,0,1,1
2012-02-08 05:00:00,0,20,20
2012-02-08 06:00:00,3,95,98
2012-02-08 07:00:00,5,276,281
2012-02-08 08:00:00,13,495,508
2012-02-08 09:00:00,8,245,253
2012-02-08 10:00:00,1,107,108
2012-02-08 11:00:00,5,97,102
2012-02-08 12:00:00,14,124,138
2012-02-08 13:00:00,15,111,126
2012-02-08 14:00:00,8,100,108
2012-02-08 15:00:00,5,49,54
2012-02-08 16:00:00,2,73,75
2012-02-08 17:00:00,8,147,155
2012-02-08 18:00:00,4,163,167
2012-02-08 19:00:00,3,158,161
2012-02-08 20:00:00,3,122,125
2012-02-08 21:00:00,3,126,129
2012-02-08 22:00:00,3,95,98
2012-02-08 23:00:00,3,57,60
2012-02-09 00:00:00,3,23,26
2012-02-09 01:00:00,2,10,12
2012-02-09 02:00:00,0,2,2
2012-02-09 03:00:00,0,4,4
2012-02-09 04:00:00,0,1,1
2012-02-09 05:00:00,0,18,18
2012-02-09 06:00:00,1,75,76
2012-02-09 07:00:00,4,263,267
2012-02-09 08:00:00,11,473,484
2012-02-09 09:00:00,9,229,238
2012-02-09 10:00:00,7,90,97
2012-02-09 11:00:00,4,95,99
2012-02-09 12:00:00,10,148,158
2012-02-09 13:00:00,10,144,154
2012-02-09 14:00:00,18,126,144
2012-02-09 15:00:00,14,120,134
2012-02-09 16:00:00,15,223,238
2012-02-09 17:00:00,12,387,399
2012-02-09 18:00:00,13,404,417
2012-02-09 19:00:00,8,287,295
2012-02-09 20:00:00,2,197,199
2012-02-09 21:00:00,8,169,177
2012-02-09 22:00:00,3,104,107
2012-02-09 23:00:00,9,75,84
2012-02-10 00:00:00,4,39,43
2012-02-10 01:00:00,2,11,13
2012-02-10 02:00:00,7,9,16
2012-02-10 03:00:00,0,5,5
2012-02-10 04:00:00,0,2,2
2012-02-10 05:00:00,0,17,17
2012-02-10 06:00:00,3,61,64
2012-02-10 07:00:00,5,225,230
2012-02-10 08:00:00,1,447,448
2012-02-10 09:00:00,10,265,275
2012-02-10 10:00:00,5,119,124
2012-02-10 11:00:00,19,134,153
2012-02-10 12:00:00,8,168,176
2012-02-10 13:00:00,22,170,192
2012-02-10 14:00:00,8,138,146
2012-02-10 15:00:00,27,164,191
2012-02-10 16:00:00,28,240,268
2012-02-10 17:00:00,15,381,396
2012-02-10 18:00:00,14,345,359
2012-02-10 19:00:00,16,246,262
2012-02-10 20:00:00,7,144,151
2012-02-10 21:00:00,14,108,122
2012-02-10 22:00:00,11,102,113
2012-02-10 23:00:00,1,64,65
2012-02-11 00:00:00,3,50,53
2012-02-11 01:00:00,2,43,45
2012-02-11 02:00:00,2,24,26
2012-02-11 03:00:00,0,9,9
2012-02-11 04:00:00,0,4,4
2012-02-11 05:00:00,0,2,2
2012-02-11 06:00:00,1,8,9
2012-02-11 07:00:00,0,19,19
2012-02-11 08:00:00,1,77,78
2012-02-11 09:00:00,5,85,90
2012-02-11 10:00:00,23,143,166
2012-02-11 11:00:00,26,157,183
2012-02-11 12:00:00,25,196,221
2012-02-11 13:00:00,18,217,235
2012-02-11 14:00:00,38,205,243
2012-02-11 15:00:00,12,112,124
2012-02-11 16:00:00,12,134,146
2012-02-11 17:00:00,13,131,144
2012-02-11 18:00:00,3,105,108
2012-02-11 19:00:00,2,85,87
2012-02-11 20:00:00,1,62,63
2012-02-11 21:00:00,5,43,48
2012-02-11 22:00:00,0,46,46
2012-02-11 23:00:00,0,20,20
2012-02-12 00:00:00,0,21,21
2012-02-12 01:00:00,0,24,24
2012-02-12 02:00:00,1,26,27
2012-02-12 03:00:00,0,14,14
2012-02-12 04:00:00,0,1,1
2012-02-12 05:00:00,0,3,3
2012-02-12 06:00:00,0,2,2
2012-02-12 07:00:00,0,18,18
2012-02-12 08:00:00,0,26,26
2012-02-12 09:00:00,3,60,63
2012-02-12 10:00:00,8,83,91
2012-02-12 11:00:00,3,121,124
2012-02-12 12:00:00,7,133,140
2012-02-12 13:00:00,10,128,138
2012-02-12 14:00:00,9,102,111
2012-02-12 15:00:00,5,150,155
2012-02-12 16:00:00,16,148,164
2012-02-12 17:00:00,4,83,87
2012-02-12 18:00:00,4,92,96
2012-02-12 19:00:00,2,78,80
2012-02-12 20:00:00,1,56,57
2012-02-12 21:00:00,0,36,36
2012-02-12 22:00:00,0,28,28
2012-02-12 23:00:00,0,23,23
2012-02-13 00:00:00,0,9,9
2012-02-13 01:00:00,0,6,6
2012-02-13 02:00:00,0,4,4
2012-02-13 03:00:00,0,1,1
2012-02-13 04:00:00,0,2,2
2012-02-13 05:00:00,0,17,17
2012-02-13 06:00:00,1,71,72
2012-02-13 07:00:00,1,194,195
2012-02-13 08:00:00,4,413,417
2012-02-13 09:00:00,7,198,205
2012-02-13 10:00:00,1,70,71
2012-02-13 11:00:00,5,85,90
2012-02-13 12:00:00,7,111,118
2012-02-13 13:00:00,11,129,140
2012-02-13 14:00:00,10,125,135
2012-02-13 15:00:00,10,145,155
2012-02-13 16:00:00,5,206,211
2012-02-13 17:00:00,8,399,407
2012-02-13 18:00:00,6,399,405
2012-02-13 19:00:00,7,256,263
2012-02-13 20:00:00,4,210,214
2012-02-13 21:00:00,2,145,147
2012-02-13 22:00:00,3,99,102
2012-02-13 23:00:00,2,34,36
2012-02-14 00:00:00,0,14,14
2012-02-14 01:00:00,0,6,6
2012-02-14 02:00:00,0,3,3
2012-02-14 03:00:00,0,3,3
2012-02-14 04:00:00,0,2,2
2012-02-14 05:00:00,2,20,22
2012-02-14 06:00:00,1,89,90
2012-02-14 07:00:00,4,276,280
2012-02-14 08:00:00,3,510,513
2012-02-14 09:00:00,6,256,262
2012-02-14 10:00:00,8,90,98
2012-02-14 11:00:00,5,107,112
2012-02-14 12:00:00,10,162,172
2012-02-14 13:00:00,6,167,173
2012-02-14 14:00:00,13,111,124
2012-02-14 15:00:00,7,138,145
2012-02-14 16:00:00,15,251,266
2012-02-14 17:00:00,19,504,523
2012-02-14 18:00:00,8,398,406
2012-02-14 19:00:00,11,270,281
2012-02-14 20:00:00,6,178,184
2012-02-14 21:00:00,4,105,109
2012-02-14 22:00:00,5,72,77
2012-02-14 23:00:00,2,55,57
2012-02-15 00:00:00,0,22,22
2012-02-15 01:00:00,0,5,5
2012-02-15 02:00:00,0,4,4
2012-02-15 03:00:00,0,3,3
2012-02-15 04:00:00,0,1,1
2012-02-15 05:00:00,0,25,25
2012-02-15 06:00:00,3,92,95
2012-02-15 07:00:00,3,318,321
2012-02-15 08:00:00,7,508,515
2012-02-15 09:00:00,5,226,231
2012-02-15 10:00:00,12,108,120
2012-02-15 11:00:00,13,125,138
2012-02-15 12:00:00,11,152,163
2012-02-15 13:00:00,11,159,170
2012-02-15 14:00:00,6,128,134
2012-02-15 15:00:00,7,164,171
2012-02-15 16:00:00,9,222,231
2012-02-15 17:00:00,17,470,487
2012-02-15 18:00:00,9,459,468
2012-02-15 19:00:00,9,302,311
2012-02-15 20:00:00,4,207,211
2012-02-15 21:00:00,8,170,178
2012-02-15 22:00:00,3,104,107
2012-02-15 23:00:00,4,54,58
2012-02-16 00:00:00,1,22,23
2012-02-16 01:00:00,0,5,5
2012-02-16 02:00:00,1,6,7
2012-02-16 03:00:00,0,1,1
2012-02-16 04:00:00,0,3,3
2012-02-16 05:00:00,0,20,20
2012-02-16 06:00:00,4,83,87
2012-02-16 07:00:00,3,285,288
2012-02-16 08:00:00,9,489,498
2012-02-16 09:00:00,3,199,202
2012-02-16 10:00:00,2,42,44
2012-02-16 11:00:00,2,69,71
2012-02-16 12:00:00,1,44,45
2012-02-16 13:00:00,2,62,64
2012-02-16 14:00:00,1,30,31
2012-02-16 15:00:00,3,50,53
2012-02-16 16:00:00,8,110,118
2012-02-16 17:00:00,8,281,289
2012-02-16 18:00:00,8,345,353
2012-02-16 19:00:00,4,254,258
2012-02-16 20:00:00,5,211,216
2012-02-16 21:00:00,3,142,145
2012-02-16 22:00:00,3,108,111
2012-02-16 23:00:00,3,70,73
2012-02-17 00:00:00,2,32,34
2012-02-17 01:00:00,2,16,18
2012-02-17 02:00:00,1,11,12
2012-02-17 03:00:00,0,1,1
2012-02-17 04:00:00,0,1,1
2012-02-17 05:00:00,0,16,16
2012-02-17 06:00:00,1,70,71
2012-02-17 07:00:00,4,222,226
2012-02-17 08:00:00,4,516,520
2012-02-17 09:00:00,8,275,283
2012-02-17 10:00:00,13,103,116
2012-02-17 11:00:00,9,133,142
2012-02-17 12:00:00,21,177,198
2012-02-17 13:00:00,34,171,205
2012-02-17 14:00:00,33,137,170
2012-02-17 15:00:00,41,180,221
2012-02-17 16:00:00,56,251,307
2012-02-17 17:00:00,36,429,465
2012-02-17 18:00:00,15,362,377
2012-02-17 19:00:00,16,266,282
2012-02-17 20:00:00,13,158,171
2012-02-17 21:00:00,15,114,129
2012-02-17 22:00:00,15,92,107
2012-02-17 23:00:00,10,72,82
2012-02-18 00:00:00,5,81,86
2012-02-18 01:00:00,7,38,45
2012-02-18 02:00:00,6,39,45
2012-02-18 03:00:00,3,15,18
2012-02-18 04:00:00,3,4,7
2012-02-18 05:00:00,0,1,1
2012-02-18 06:00:00,1,8,9
2012-02-18 07:00:00,8,33,41
2012-02-18 08:00:00,10,92,102
2012-02-18 09:00:00,22,116,138
2012-02-18 10:00:00,48,157,205
2012-02-18 11:00:00,102,184,286
2012-02-18 12:00:00,128,241,369
2012-02-18 13:00:00,165,219,384
2012-02-18 14:00:00,183,244,427
2012-02-18 15:00:00,229,270,499
2012-02-18 16:00:00,186,218,404
2012-02-18 17:00:00,142,222,364
2012-02-18 18:00:00,70,176,246
2012-02-18 19:00:00,38,150,188
2012-02-18 20:00:00,25,123,148
2012-02-18 21:00:00,25,89,114
2012-02-18 22:00:00,17,101,118
2012-02-18 23:00:00,12,62,74
2012-02-19 00:00:00,9,65,74
2012-02-19 01:00:00,10,62,72
2012-02-19 02:00:00,3,45,48
2012-02-19 03:00:00,3,12,15
2012-02-19 04:00:00,0,3,3
2012-02-19 05:00:00,1,1,2
2012-02-19 06:00:00,0,5,5
2012-02-19 07:00:00,2,12,14
2012-02-19 08:00:00,8,48,56
2012-02-19 09:00:00,20,73,93
2012-02-19 10:00:00,49,142,191
2012-02-19 11:00:00,82,144,226
2012-02-19 12:00:00,71,184,255
2012-02-19 13:00:00,64,197,261
2012-02-19 14:00:00,48,189,237
2012-02-19 15:00:00,85,168,253
2012-02-19 16:00:00,62,150,212
2012-02-19 17:00:00,22,135,157
2012-02-19 18:00:00,23,144,167
2012-02-19 19:00:00,18,101,119
2012-02-19 20:00:00,22,81,103
2012-02-19 21:00:00,3,33,36
2012-02-19 22:00:00,8,47,55
2012-02-19 23:00:00,5,30,35
2012-03-01 00:00:00,1,10,11
2012-03-01 01:00:00,0,12,12
2012-03-01 02:00:00,0,6,6
2012-03-01 03:00:00,0,3,3
2012-03-01 04:00:00,0,5,5
2012-03-01 05:00:00,0,18,18
2012-03-01 06:00:00,2,107,109
2012-03-01 07:00:00,8,296,304
2012-03-01 08:00:00,15,579,594
2012-03-01 09:00:00,5,281,286
2012-03-01 10:00:00,11,122,133
2012-03-01 11:00:00,19,149,168
2012-03-01 12:00:00,16,204,220
2012-03-01 13:00:00,24,187,211
2012-03-01 14:00:00,37,174,211
2012-03-01 15:00:00,31,192,223
2012-03-01 16:00:00,38,323,361
2012-03-01 17:00:00,49,551,600
2012-03-01 18:00:00,27,498,525
2012-03-01 19:00:00,11,317,328
2012-03-01 20:00:00,12,242,254
2012-03-01 21:00:00,7,190,197
2012-03-01 22:00:00,3,123,126
2012-03-01 23:00:00,9,76,85
2012-03-02 00:00:00,1,45,46
2012-03-02 01:00:00,2,18,20
2012-03-02 02:00:00,2,4,6
2012-03-02 03:00:00,0,3,3
2012-03-02 04:00:00,0,2,2
2012-03-02 05:00:00,0,24,24
2012-03-02 06:00:00,4,88,92
2012-03-02 07:00:00,4,258,262
2012-03-02 08:00:00,16,533,549
2012-03-02 09:00:00,15,299,314
2012-03-02 10:00:00,14,118,132
2012-03-02 11:00:00,40,154,194
2012-03-02 12:00:00,40,194,234
2012-03-02 13:00:00,31,191,222
2012-03-02 14:00:00,29,176,205
2012-03-02 15:00:00,5,73,78
2012-03-02 16:00:00,1,49,50
2012-03-02 17:00:00,5,123,128
2012-03-02 18:00:00,6,154,160
2012-03-02 19:00:00,12,162,174
2012-03-02 20:00:00,7,93,100
2012-03-02 21:00:00,2,99,101
2012-03-02 22:00:00,6,69,75
2012-03-02 23:00:00,4,19,23
2012-03-03 00:00:00,1,21,22
2012-03-03 01:00:00,0,44,44
2012-03-03 02:00:00,4,34,38
2012-03-03 03:00:00,1,20,21
2012-03-03 04:00:00,0,2,2
2012-03-03 05:00:00,1,1,2
2012-03-03 06:00:00,1,6,7
2012-03-03 07:00:00,2,14,16
2012-03-03 08:00:00,2,46,48
2012-03-03 09:00:00,7,87,94
2012-03-03 10:00:00,31,137,168
2012-03-03 11:00:00,33,181,214
2012-03-03 12:00:00,47,252,299
2012-03-03 13:00:00,87,252,339
2012-03-03 14:00:00,151,279,430
2012-03-03 15:00:00,145,254,399
2012-03-03 16:00:00,167,300,467
2012-03-03 17:00:00,106,279,385
2012-03-03 18:00:00,53,250,303
2012-03-03 19:00:00,34,191,225
2012-03-03 20:00:00,28,121,149
2012-03-03 21:00:00,24,130,154
2012-03-03 22:00:00,19,115,134
2012-03-03 23:00:00,12,94,106
2012-03-04 00:00:00,5,67,72
2012-03-04 01:00:00,16,60,76
2012-03-04 02:00:00,14,66,80
2012-03-04 03:00:00,5,21,26
2012-03-04 04:00:00,3,11,14
2012-03-04 05:00:00,0,5,5
2012-03-04 06:00:00,0,5,5
2012-03-04 07:00:00,2,21,23
2012-03-04 08:00:00,12,54,66
2012-03-04 09:00:00,14,104,118
2012-03-04 10:00:00,31,161,192
2012-03-04 11:00:00,64,192,256
2012-03-04 12:00:00,71,256,327
2012-03-04 13:00:00,108,256,364
2012-03-04 14:00:00,106,226,332
2012-03-04 15:00:00,82,252,334
2012-03-04 16:00:00,68,231,299
2012-03-04 17:00:00,49,214,263
2012-03-04 18:00:00,20,164,184
2012-03-04 19:00:00,12,120,132
2012-03-04 20:00:00,8,80,88
2012-03-04 21:00:00,9,70,79
2012-03-04 22:00:00,9,53,62
2012-03-04 23:00:00,2,24,26
2012-03-05 00:00:00,2,15,17
2012-03-05 01:00:00,3,3,6
2012-03-05 02:00:00,1,3,4
2012-03-05 03:00:00,0,1,1
2012-03-05 04:00:00,0,1,1
2012-03-05 05:00:00,1,17,18
2012-03-05 06:00:00,2,89,91
2012-03-05 07:00:00,7,253,260
2012-03-05 08:00:00,13,415,428
2012-03-05 09:00:00,11,186,197
2012-03-05 10:00:00,12,74,86
2012-03-05 11:00:00,17,86,103
2012-03-05 12:00:00,15,122,137
2012-03-05 13:00:00,11,109,120
2012-03-05 14:00:00,13,115,128
2012-03-05 15:00:00,20,110,130
2012-03-05 16:00:00,30,180,210
2012-03-05 17:00:00,11,376,387
2012-03-05 18:00:00,12,363,375
2012-03-05 19:00:00,6,220,226
2012-03-05 20:00:00,8,171,179
2012-03-05 21:00:00,4,116,120
2012-03-05 22:00:00,2,76,78
2012-03-05 23:00:00,2,29,31
2012-03-06 00:00:00,0,8,8
2012-03-06 01:00:00,0,6,6
2012-03-06 02:00:00,0,4,4
2012-03-06 03:00:00,0,1,1
2012-03-06 04:00:00,0,3,3
2012-03-06 05:00:00,0,25,25
2012-03-06 06:00:00,3,99,102
2012-03-06 07:00:00,5,270,275
2012-03-06 08:00:00,14,487,501
2012-03-06 09:00:00,11,222,233
2012-03-06 10:00:00,16,113,129
2012-03-06 11:00:00,20,110,130
2012-03-06 12:00:00,9,129,138
2012-03-06 13:00:00,16,148,164
2012-03-06 14:00:00,20,116,136
2012-03-06 15:00:00,24,142,166
2012-03-06 16:00:00,22,228,250
2012-03-06 17:00:00,21,425,446
2012-03-06 18:00:00,15,442,457
2012-03-06 19:00:00,9,278,287
2012-03-06 20:00:00,3,184,187
2012-03-06 21:00:00,5,143,148
2012-03-06 22:00:00,5,101,106
2012-03-06 23:00:00,3,51,54
2012-03-07 00:00:00,3,12,15
2012-03-07 01:00:00,1,4,5
2012-03-07 02:00:00,0,4,4
2012-03-07 03:00:00,1,2,3
2012-03-07 04:00:00,0,3,3
2012-03-07 05:00:00,0,18,18
2012-03-07 06:00:00,4,104,108
2012-03-07 07:00:00,12,332,344
2012-03-07 08:00:00,12,554,566
2012-03-07 09:00:00,12,252,264
2012-03-07 10:00:00,20,127,147
2012-03-07 11:00:00,33,128,161
2012-03-07 12:00:00,40,175,215
2012-03-07 13:00:00,26,179,205
2012-03-07 14:00:00,38,137,175
2012-03-07 15:00:00,44,165,209
2012-03-07 16:00:00,34,254,288
2012-03-07 17:00:00,58,554,612
2012-03-07 18:00:00,35,509,544
2012-03-07 19:00:00,16,345,361
2012-03-07 20:00:00,18,242,260
2012-03-07 21:00:00,11,177,188
2012-03-07 22:00:00,10,149,159
2012-03-07 23:00:00,4,58,62
2012-03-08 00:00:00,11,35,46
2012-03-08 01:00:00,4,17,21
2012-03-08 02:00:00,6,5,11
2012-03-08 03:00:00,0,3,3
2012-03-08 04:00:00,0,2,2
2012-03-08 05:00:00,1,28,29
2012-03-08 06:00:00,4,105,109
2012-03-08 07:00:00,8,326,334
2012-03-08 08:00:00,12,573,585
2012-03-08 09:00:00,19,282,301
2012-03-08 10:00:00,19,119,138
2012-03-08 11:00:00,48,156,204
2012-03-08 12:00:00,27,224,251
2012-03-08 13:00:00,35,198,233
2012-03-08 14:00:00,48,155,203
2012-03-08 15:00:00,24,161,185
2012-03-08 16:00:00,37,305,342
2012-03-08 17:00:00,52,545,597
2012-03-08 18:00:00,45,545,590
2012-03-08 19:00:00,21,395,416
2012-03-08 20:00:00,20,282,302
2012-03-08 21:00:00,27,206,233
2012-03-08 22:00:00,12,141,153
2012-03-08 23:00:00,6,88,94
2012-03-09 00:00:00,3,51,54
2012-03-09 01:00:00,4,22,26
2012-03-09 02:00:00,2,9,11
2012-03-09 03:00:00,0,7,7
2012-03-09 04:00:00,0,1,1
2012-03-09 05:00:00,2,27,29
2012-03-09 06:00:00,2,83,85
2012-03-09 07:00:00,6,262,268
2012-03-09 08:00:00,17,484,501
2012-03-09 09:00:00,17,267,284
2012-03-09 10:00:00,14,145,159
2012-03-09 11:00:00,17,170,187
2012-03-09 12:00:00,27,174,201
2012-03-09 13:00:00,49,175,224
2012-03-09 14:00:00,49,129,178
2012-03-09 15:00:00,50,188,238
2012-03-09 16:00:00,51,292,343
2012-03-09 17:00:00,68,498,566
2012-03-09 18:00:00,30,440,470
2012-03-09 19:00:00,12,232,244
2012-03-09 20:00:00,3,156,159
2012-03-09 21:00:00,8,133,141
2012-03-09 22:00:00,7,100,107
2012-03-09 23:00:00,9,77,86
2012-03-10 00:00:00,9,68,77
2012-03-10 01:00:00,1,50,51
2012-03-10 02:00:00,12,30,42
2012-03-10 03:00:00,0,16,16
2012-03-10 04:00:00,1,3,4
2012-03-10 05:00:00,3,7,10
2012-03-10 06:00:00,1,11,12
2012-03-10 07:00:00,4,36,40
2012-03-10 08:00:00,15,96,111
2012-03-10 09:00:00,21,127,148
2012-03-10 10:00:00,47,176,223
2012-03-10 11:00:00,56,218,274
2012-03-10 12:00:00,88,241,329
2012-03-10 13:00:00,89,268,357
2012-03-10 14:00:00,117,262,379
2012-03-10 15:00:00,132,274,406
2012-03-10 16:00:00,115,275,390
2012-03-10 17:00:00,104,250,354
2012-03-10 18:00:00,67,230,297
2012-03-10 19:00:00,25,159,184
2012-03-10 20:00:00,20,101,121
2012-03-10 21:00:00,16,94,110
2012-03-10 22:00:00,19,81,100
2012-03-10 23:00:00,6,77,83
2012-03-11 00:00:00,7,62,69
2012-03-11 01:00:00,4,57,61
2012-03-11 03:00:00,15,51,66
2012-03-11 04:00:00,7,15,22
2012-03-11 05:00:00,2,5,7
2012-03-11 06:00:00,2,8,10
2012-03-11 07:00:00,2,15,17
2012-03-11 08:00:00,4,68,72
2012-03-11 09:00:00,20,70,90
2012-03-11 10:00:00,71,147,218
2012-03-11 11:00:00,90,209,299
2012-03-11 12:00:00,146,264,410
2012-03-11 13:00:00,176,288,464
2012-03-11 14:00:00,212,289,501
2012-03-11 15:00:00,201,286,487
2012-03-11 16:00:00,208,301,509
2012-03-11 17:00:00,199,299,498
2012-03-11 18:00:00,133,256,389
2012-03-11 19:00:00,55,203,258
2012-03-11 20:00:00,42,129,171
2012-03-11 21:00:00,37,110,147
2012-03-11 22:00:00,13,81,94
2012-03-11 23:00:00,12,40,52
2012-03-12 00:00:00,4,20,24
2012-03-12 01:00:00,1,9,10
2012-03-12 02:00:00,4,5,9
2012-03-12 03:00:00,0,2,2
2012-03-12 04:00:00,0,3,3
2012-03-12 05:00:00,1,15,16
2012-03-12 06:00:00,2,86,88
2012-03-12 07:00:00,9,259,268
2012-03-12 08:00:00,17,547,564
2012-03-12 09:00:00,21,260,281
2012-03-12 10:00:00,39,98,137
2012-03-12 11:00:00,39,111,150
2012-03-12 12:00:00,59,162,221
2012-03-12 13:00:00,74,176,250
2012-03-12 14:00:00,76,145,221
2012-03-12 15:00:00,74,159,233
2012-03-12 16:00:00,77,255,332
2012-03-12 17:00:00,87,557,644
2012-03-12 18:00:00,89,623,712
2012-03-12 19:00:00,67,379,446
2012-03-12 20:00:00,49,237,286
2012-03-12 21:00:00,22,183,205
2012-03-12 22:00:00,17,116,133
2012-03-12 23:00:00,10,53,63
2012-03-13 00:00:00,5,21,26
2012-03-13 01:00:00,2,14,16
2012-03-13 02:00:00,0,1,1
2012-03-13 03:00:00,0,2,2
2012-03-13 04:00:00,0,1,1
2012-03-13 05:00:00,0,24,24
2012-03-13 06:00:00,5,108,113
2012-03-13 07:00:00,16,292,308
2012-03-13 08:00:00,22,571,593
2012-03-13 09:00:00,18,324,342
2012-03-13 10:00:00,28,115,143
2012-03-13 11:00:00,64,155,219
2012-03-13 12:00:00,47,197,244
2012-03-13 13:00:00,53,180,233
2012-03-13 14:00:00,52,160,212
2012-03-13 15:00:00,68,196,264
2012-03-13 16:00:00,53,312,365
2012-03-13 17:00:00,62,614,676
2012-03-13 18:00:00,96,638,734
2012-03-13 19:00:00,50,429,479
2012-03-13 20:00:00,45,306,351
2012-03-13 21:00:00,44,200,244
2012-03-13 22:00:00,24,146,170
2012-03-13 23:00:00,8,79,87
2012-03-14 00:00:00,5,34,39
2012-03-14 01:00:00,2,25,27
2012-03-14 02:00:00,0,2,2
2012-03-14 03:00:00,1,3,4
2012-03-14 04:00:00,1,4,5
2012-03-14 05:00:00,2,25,27
2012-03-14 06:00:00,1,120,121
2012-03-14 07:00:00,20,348,368
2012-03-14 08:00:00,34,628,662
2012-03-14 09:00:00,26,325,351
2012-03-14 10:00:00,38,150,188
2012-03-14 11:00:00,65,155,220
2012-03-14 12:00:00,55,212,267
2012-03-14 13:00:00,57,197,254
2012-03-14 14:00:00,61,163,224
2012-03-14 15:00:00,86,197,283
2012-03-14 16:00:00,78,278,356
2012-03-14 17:00:00,140,642,782
2012-03-14 18:00:00,102,647,749
2012-03-14 19:00:00,70,402,472
2012-03-14 20:00:00,44,286,330
2012-03-14 21:00:00,47,241,288
2012-03-14 22:00:00,43,159,202
2012-03-14 23:00:00,19,72,91
2012-03-15 00:00:00,14,46,60
2012-03-15 01:00:00,15,8,23
2012-03-15 02:00:00,14,5,19
2012-03-15 03:00:00,0,7,7
2012-03-15 04:00:00,11,3,14
2012-03-15 05:00:00,2,24,26
2012-03-15 06:00:00,4,113,117
2012-03-15 07:00:00,14,367,381
2012-03-15 08:00:00,21,602,623
2012-03-15 09:00:00,30,285,315
2012-03-15 10:00:00,34,130,164
2012-03-15 11:00:00,60,151,211
2012-03-15 12:00:00,59,206,265
2012-03-15 13:00:00,62,211,273
2012-03-15 14:00:00,81,177,258
2012-03-15 15:00:00,100,187,287
2012-03-15 16:00:00,95,331,426
2012-03-15 17:00:00,79,634,713
2012-03-15 18:00:00,98,648,746
2012-03-15 19:00:00,72,353,425
2012-03-15 20:00:00,60,270,330
2012-03-15 21:00:00,36,207,243
2012-03-15 22:00:00,32,137,169
2012-03-15 23:00:00,12,85,97
2012-03-16 00:00:00,8,49,57
2012-03-16 01:00:00,4,22,26
2012-03-16 02:00:00,0,4,4
2012-03-16 03:00:00,0,3,3
2012-03-16 04:00:00,0,3,3
2012-03-16 05:00:00,2,30,32
2012-03-16 06:00:00,3,96,99
2012-03-16 07:00:00,13,265,278
2012-03-16 08:00:00,28,534,562
2012-03-16 09:00:00,35,277,312
2012-03-16 10:00:00,44,136,180
2012-03-16 11:00:00,40,167,207
2012-03-16 12:00:00,72,222,294
2012-03-16 13:00:00,52,208,260
2012-03-16 14:00:00,56,146,202
2012-03-16 15:00:00,19,88,107
2012-03-16 16:00:00,18,111,129
2012-03-16 17:00:00,23,235,258
2012-03-16 18:00:00,31,377,408
2012-03-16 19:00:00,23,273,296
2012-03-16 20:00:00,31,204,235
2012-03-16 21:00:00,8,144,152
2012-03-16 22:00:00,16,132,148
2012-03-16 23:00:00,22,104,126
2012-03-17 00:00:00,13,87,100
2012-03-17 01:00:00,12,57,69
2012-03-17 02:00:00,10,32,42
2012-03-17 03:00:00,2,24,26
2012-03-17 04:00:00,0,2,2
2012-03-17 05:00:00,5,3,8
2012-03-17 06:00:00,1,29,30
2012-03-17 07:00:00,29,57,86
2012-03-17 08:00:00,63,155,218
2012-03-17 09:00:00,104,217,321
2012-03-17 10:00:00,140,303,443
2012-03-17 11:00:00,226,359,585
2012-03-17 12:00:00,286,365,651
2012-03-17 13:00:00,286,400,686
2012-03-17 14:00:00,352,338,690
2012-03-17 15:00:00,357,322,679
2012-03-17 16:00:00,367,318,685
2012-03-17 17:00:00,291,357,648
2012-03-17 18:00:00,221,339,560
2012-03-17 19:00:00,155,262,417
2012-03-17 20:00:00,89,182,271
2012-03-17 21:00:00,54,169,223
2012-03-17 22:00:00,58,153,211
2012-03-17 23:00:00,34,151,185
2012-03-18 00:00:00,27,80,107
2012-03-18 01:00:00,25,88,113
2012-03-18 02:00:00,15,41,56
2012-03-18 03:00:00,3,15,18
2012-03-18 04:00:00,6,8,14
2012-03-18 05:00:00,0,6,6
2012-03-18 06:00:00,2,9,11
2012-03-18 07:00:00,17,25,42
2012-03-18 08:00:00,25,71,96
2012-03-18 09:00:00,65,113,178
2012-03-18 10:00:00,139,212,351
2012-03-18 11:00:00,129,239,368
2012-03-18 12:00:00,222,281,503
2012-03-18 13:00:00,198,346,544
2012-03-18 14:00:00,218,303,521
2012-03-18 15:00:00,240,314,554
2012-03-18 16:00:00,229,312,541
2012-03-18 17:00:00,233,308,541
2012-03-18 18:00:00,165,294,459
2012-03-18 19:00:00,118,234,352
2012-03-18 20:00:00,59,139,198
2012-03-18 21:00:00,44,129,173
2012-03-18 22:00:00,21,79,100
2012-03-18 23:00:00,7,39,46
2012-03-19 00:00:00,4,19,23
2012-03-19 01:00:00,0,15,15
2012-03-19 02:00:00,1,7,8
2012-03-19 03:00:00,0,2,2
2012-03-19 04:00:00,0,3,3
2012-03-19 05:00:00,0,31,31
2012-03-19 06:00:00,2,118,120
2012-03-19 07:00:00,25,329,354
2012-03-19 08:00:00,16,563,579
2012-03-19 09:00:00,55,276,331
2012-03-19 10:00:00,56,128,184
2012-03-19 11:00:00,56,145,201
2012-03-19 12:00:00,71,211,282
2012-03-19 13:00:00,69,194,263
2012-03-19 14:00:00,60,200,260
2012-03-19 15:00:00,97,189,286
2012-03-19 16:00:00,65,320,385
2012-03-19 17:00:00,106,615,721
2012-03-19 18:00:00,120,681,801
2012-03-19 19:00:00,86,463,549
2012-03-19 20:00:00,34,296,330
2012-03-19 21:00:00,33,190,223
2012-03-19 22:00:00,17,131,148
2012-03-19 23:00:00,9,45,54
2012-04-01 00:00:00,8,59,67
2012-04-01 01:00:00,13,49,62
2012-04-01 02:00:00,20,61,81
2012-04-01 03:00:00,4,21,25
2012-04-01 04:00:00,3,9,12
2012-04-01 05:00:00,8,10,18
2012-04-01 06:00:00,9,88,97
2012-04-01 07:00:00,29,55,84
2012-04-01 08:00:00,37,88,125
2012-04-01 09:00:00,102,173,275
2012-04-01 10:00:00,132,228,360
2012-04-01 11:00:00,180,271,451
2012-04-01 12:00:00,187,258,445
2012-04-01 13:00:00,190,274,464
2012-04-01 14:00:00,283,278,561
2012-04-01 15:00:00,295,278,573
2012-04-01 16:00:00,236,275,511
2012-04-01 17:00:00,232,323,555
2012-04-01 18:00:00,153,279,432
2012-04-01 19:00:00,110,236,346
2012-04-01 20:00:00,66,166,232
2012-04-01 21:00:00,33,101,134
2012-04-01 22:00:00,7,61,68
2012-04-01 23:00:00,10,53,63
2012-04-02 00:00:00,6,11,17
2012-04-02 01:00:00,0,5,5
2012-04-02 02:00:00,2,3,5
2012-04-02 04:00:00,2,2,4
2012-04-02 05:00:00,2,22,24
2012-04-02 06:00:00,6,104,110
2012-04-02 07:00:00,12,294,306
2012-04-02 08:00:00,36,553,589
2012-04-02 09:00:00,52,265,317
2012-04-02 10:00:00,85,119,204
2012-04-02 11:00:00,81,128,209
2012-04-02 12:00:00,100,181,281
2012-04-02 13:00:00,97,184,281
2012-04-02 14:00:00,127,141,268
2012-04-02 15:00:00,132,192,324
2012-04-02 16:00:00,104,291,395
2012-04-02 17:00:00,128,601,729
2012-04-02 18:00:00,75,543,618
2012-04-02 19:00:00,66,428,494
2012-04-02 20:00:00,48,281,329
2012-04-02 21:00:00,24,214,238
2012-04-02 22:00:00,17,106,123
2012-04-02 23:00:00,6,60,66
2012-04-03 00:00:00,1,32,33
2012-04-03 01:00:00,0,11,11
2012-04-03 02:00:00,0,5,5
2012-04-03 03:00:00,0,3,3
2012-04-03 04:00:00,0,1,1
2012-04-03 05:00:00,2,25,27
2012-04-03 06:00:00,2,98,100
2012-04-03 07:00:00,14,327,341
2012-04-03 08:00:00,27,577,604
2012-04-03 09:00:00,54,354,408
2012-04-03 10:00:00,77,142,219
2012-04-03 11:00:00,91,167,258
2012-04-03 12:00:00,101,230,331
2012-04-03 13:00:00,120,225,345
2012-04-03 14:00:00,120,191,311
2012-04-03 15:00:00,109,207,316
2012-04-03 16:00:00,145,340,485
2012-04-03 17:00:00,123,634,757
2012-04-03 18:00:00,139,661,800
2012-04-03 19:00:00,98,460,558
2012-04-03 20:00:00,54,325,379
2012-04-03 21:00:00,33,210,243
2012-04-03 22:00:00,25,133,158
2012-04-03 23:00:00,13,66,79
2012-04-04 00:00:00,18,23,41
2012-04-04 01:00:00,0,11,11
2012-04-04 02:00:00,0,5,5
2012-04-04 03:00:00,0,3,3
2012-04-04 04:00:00,0,1,1
2012-04-04 05:00:00,0,27,27
2012-04-04 06:00:00,6,120,126
2012-04-04 07:00:00,12,354,366
2012-04-04 08:00:00,31,653,684
2012-04-04 09:00:00,47,316,363
2012-04-04 10:00:00,68,99,167
2012-04-04 11:00:00,61,152,213
2012-04-04 12:00:00,73,210,283
2012-04-04 13:00:00,70,181,251
2012-04-04 14:00:00,82,176,258
2012-04-04 15:00:00,86,182,268
2012-04-04 16:00:00,86,304,390
2012-04-04 17:00:00,99,645,744
2012-04-04 18:00:00,113,646,759
2012-04-04 19:00:00,75,419,494
2012-04-04 20:00:00,39,333,372
2012-04-04 21:00:00,43,255,298
2012-04-04 22:00:00,30,151,181
2012-04-04 23:00:00,19,112,131
2012-04-05 00:00:00,12,33,45
2012-04-05 01:00:00,4,9,13
2012-04-05 02:00:00,7,11,18
2012-04-05 03:00:00,0,5,5
2012-04-05 04:00:00,0,1,1
2012-04-05 05:00:00,1,28,29
2012-04-05 06:00:00,8,118,126
2012-04-05 07:00:00,15,339,354
2012-04-05 08:00:00,28,610,638
2012-04-05 09:00:00,61,290,351
2012-04-05 10:00:00,88,158,246
2012-04-05 11:00:00,109,159,268
2012-04-05 12:00:00,66,210,276
2012-04-05 13:00:00,89,202,291
2012-04-05 14:00:00,143,144,287
2012-04-05 15:00:00,98,171,269
2012-04-05 16:00:00,84,318,402
2012-04-05 17:00:00,145,677,822
2012-04-05 18:00:00,80,618,698
2012-04-05 19:00:00,64,423,487
2012-04-05 20:00:00,33,279,312
2012-04-05 21:00:00,25,209,234
2012-04-05 22:00:00,20,129,149
2012-04-05 23:00:00,12,124,136
2012-04-06 00:00:00,12,49,61
2012-04-06 01:00:00,10,28,38
2012-04-06 02:00:00,6,5,11
2012-04-06 03:00:00,3,5,8
2012-04-06 04:00:00,2,3,5
2012-04-06 05:00:00,0,23,23
2012-04-06 06:00:00,0,80,80
2012-04-06 07:00:00,15,231,246
2012-04-06 08:00:00,19,489,508
2012-04-06 09:00:00,58,318,376
2012-04-06 10:00:00,81,157,238
2012-04-06 11:00:00,112,179,291
2012-04-06 12:00:00,113,224,337
2012-04-06 13:00:00,173,238,411
2012-04-06 14:00:00,240,250,490
2012-04-06 15:00:00,218,319,537
2012-04-06 16:00:00,184,352,536
2012-04-06 17:00:00,172,483,655
2012-04-06 18:00:00,104,380,484
2012-04-06 19:00:00,115,297,412
2012-04-06 20:00:00,61,191,252
2012-04-06 21:00:00,54,136,190
2012-04-06 22:00:00,34,124,158
2012-04-06 23:00:00,21,92,113
2012-04-07 00:00:00,9,85,94
2012-04-07 01:00:00,9,60,69
2012-04-07 02:00:00,11,25,36
2012-04-07 03:00:00,7,21,28
2012-04-07 04:00:00,3,4,7
2012-04-07 05:00:00,0,2,2
2012-04-07 06:00:00,1,18,19
2012-04-07 07:00:00,14,40,54
2012-04-07 08:00:00,29,94,123
2012-04-07 09:00:00,103,173,276
2012-04-07 10:00:00,187,176,363
2012-04-07 11:00:00,251,244,495
2012-04-07 12:00:00,320,270,590
2012-04-07 13:00:00,355,288,643
2012-04-07 14:00:00,326,252,578
2012-04-07 15:00:00,321,305,626
2012-04-07 16:00:00,354,261,615
2012-04-07 17:00:00,299,268,567
2012-04-07 18:00:00,227,290,517
2012-04-07 19:00:00,170,243,413
2012-04-07 20:00:00,73,135,208
2012-04-07 21:00:00,75,159,234
2012-04-07 22:00:00,76,106,182
2012-04-07 23:00:00,32,86,118
2012-04-08 00:00:00,21,64,85
2012-04-08 01:00:00,14,50,64
2012-04-08 02:00:00,7,25,32
2012-04-08 03:00:00,8,18,26
2012-04-08 04:00:00,0,7,7
2012-04-08 05:00:00,4,8,12
2012-04-08 06:00:00,7,21,28
2012-04-08 07:00:00,12,25,37
2012-04-08 08:00:00,19,65,84
2012-04-08 09:00:00,71,108,179
2012-04-08 10:00:00,113,186,299
2012-04-08 11:00:00,195,209,404
2012-04-08 12:00:00,198,259,457
2012-04-08 13:00:00,229,254,483
2012-04-08 14:00:00,254,249,503
2012-04-08 15:00:00,260,226,486
2012-04-08 16:00:00,232,244,476
2012-04-08 17:00:00,185,226,411
2012-04-08 18:00:00,151,159,310
2012-04-08 19:00:00,89,187,276
2012-04-08 20:00:00,65,146,211
2012-04-08 21:00:00,53,77,130
2012-04-08 22:00:00,33,85,118
2012-04-08 23:00:00,10,41,51
2012-04-09 00:00:00,8,29,37
2012-04-09 01:00:00,4,12,16
2012-04-09 02:00:00,2,4,6
2012-04-09 03:00:00,0,3,3
2012-04-09 04:00:00,2,3,5
2012-04-09 05:00:00,2,30,32
2012-04-09 06:00:00,3,108,111
2012-04-09 07:00:00,11,320,331
2012-04-09 08:00:00,22,595,617
2012-04-09 09:00:00,50,236,286
2012-04-09 10:00:00,65,113,178
2012-04-09 11:00:00,96,127,223
2012-04-09 12:00:00,94,186,280
2012-04-09 13:00:00,108,173,281
2012-04-09 14:00:00,66,152,218
2012-04-09 15:00:00,82,173,255
2012-04-09 16:00:00,81,310,391
2012-04-09 17:00:00,67,565,632
2012-04-09 18:00:00,60,586,646
2012-04-09 19:00:00,35,386,421
2012-04-09 20:00:00,21,255,276
2012-04-09 21:00:00,14,151,165
2012-04-09 22:00:00,6,102,108
2012-04-09 23:00:00,6,61,67
2012-04-10 00:00:00,3,23,26
2012-04-10 01:00:00,0,9,9
2012-04-10 02:00:00,0,2,2
2012-04-10 03:00:00,0,2,2
2012-04-10 04:00:00,0,2,2
2012-04-10 05:00:00,0,24,24
2012-04-10 06:00:00,3,100,103
2012-04-10 07:00:00,16,368,384
2012-04-10 08:00:00,22,670,692
2012-04-10 09:00:00,16,303,319
2012-04-10 10:00:00,49,132,181
2012-04-10 11:00:00,78,161,239
2012-04-10 12:00:00,75,184,259
2012-04-10 13:00:00,81,202,283
2012-04-10 14:00:00,75,149,224
2012-04-10 15:00:00,46,157,203
2012-04-10 16:00:00,66,296,362
2012-04-10 17:00:00,88,656,744
2012-04-10 18:00:00,78,626,704
2012-04-10 19:00:00,51,428,479
2012-04-10 20:00:00,34,248,282
2012-04-10 21:00:00,15,191,206
2012-04-10 22:00:00,9,118,127
2012-04-10 23:00:00,14,48,62
2012-04-11 00:00:00,8,22,30
2012-04-11 01:00:00,3,9,12
2012-04-11 02:00:00,0,2,2
2012-04-11 03:00:00,0,2,2
2012-04-11 05:00:00,1,26,27
2012-04-11 06:00:00,3,103,106
2012-04-11 07:00:00,18,303,321
2012-04-11 08:00:00,14,581,595
2012-04-11 09:00:00,20,282,302
2012-04-11 10:00:00,26,127,153
2012-04-11 11:00:00,38,142,180
2012-04-11 12:00:00,35,147,182
2012-04-11 13:00:00,16,147,163
2012-04-11 14:00:00,34,101,135
2012-04-11 15:00:00,50,152,202
2012-04-11 16:00:00,51,256,307
2012-04-11 17:00:00,52,527,579
2012-04-11 18:00:00,39,546,585
2012-04-11 19:00:00,28,356,384
2012-04-11 20:00:00,22,213,235
2012-04-11 21:00:00,11,154,165
2012-04-11 22:00:00,4,130,134
2012-04-11 23:00:00,9,52,61
2012-04-12 00:00:00,1,22,23
2012-04-12 01:00:00,2,7,9
2012-04-12 02:00:00,0,4,4
2012-04-12 03:00:00,2,3,5
2012-04-12 04:00:00,0,1,1
2012-04-12 05:00:00,0,21,21
2012-04-12 06:00:00,2,94,96
2012-04-12 07:00:00,12,294,306
2012-04-12 08:00:00,20,604,624
2012-04-12 09:00:00,16,271,287
2012-04-12 10:00:00,38,103,141
2012-04-12 11:00:00,50,174,224
2012-04-12 12:00:00,60,199,259
2012-04-12 13:00:00,55,148,203
2012-04-12 14:00:00,74,150,224
2012-04-12 15:00:00,42,169,211
2012-04-12 16:00:00,54,299,353
2012-04-12 17:00:00,60,596,656
2012-04-12 18:00:00,63,547,610
2012-04-12 19:00:00,50,383,433
2012-04-12 20:00:00,26,254,280
2012-04-12 21:00:00,13,174,187
2012-04-12 22:00:00,15,143,158
2012-04-12 23:00:00,8,86,94
2012-04-13 00:00:00,14,41,55
2012-04-13 01:00:00,2,28,30
2012-04-13 02:00:00,6,5,11
2012-04-13 03:00:00,3,8,11
2012-04-13 04:00:00,1,4,5
2012-04-13 05:00:00,2,19,21
2012-04-13 06:00:00,0,84,84
2012-04-13 07:00:00,13,283,296
2012-04-13 08:00:00,24,539,563
2012-04-13 09:00:00,36,294,330
2012-04-13 10:00:00,59,133,192
2012-04-13 11:00:00,75,158,233
2012-04-13 12:00:00,104,218,322
2012-04-13 13:00:00,112,246,358
2012-04-13 14:00:00,125,223,348
2012-04-13 15:00:00,115,237,352
2012-04-13 16:00:00,113,350,463
2012-04-13 17:00:00,117,621,738
2012-04-13 18:00:00,107,564,671
2012-04-13 19:00:00,75,352,427
2012-04-13 20:00:00,44,242,286
2012-04-13 21:00:00,36,153,189
2012-04-13 22:00:00,34,181,215
2012-04-13 23:00:00,35,163,198
2012-04-14 00:00:00,11,85,96
2012-04-14 01:00:00,10,60,70
2012-04-14 02:00:00,3,53,56
2012-04-14 03:00:00,6,26,32
2012-04-14 04:00:00,5,9,14
2012-04-14 05:00:00,2,5,7
2012-04-14 06:00:00,2,19,21
2012-04-14 07:00:00,8,56,64
2012-04-14 08:00:00,24,136,160
2012-04-14 09:00:00,59,206,265
2012-04-14 10:00:00,139,267,406
2012-04-14 11:00:00,207,357,564
2012-04-14 12:00:00,274,404,678
2012-04-14 13:00:00,308,370,678
2012-04-14 14:00:00,288,372,660
2012-04-14 15:00:00,311,347,658
2012-04-14 16:00:00,253,329,582
2012-04-14 17:00:00,251,309,560
2012-04-14 18:00:00,197,284,481
2012-04-14 19:00:00,163,296,459
2012-04-14 20:00:00,112,209,321
2012-04-14 21:00:00,53,167,220
2012-04-14 22:00:00,64,148,212
2012-04-14 23:00:00,45,151,196
2012-04-15 00:00:00,30,94,124
2012-04-15 01:00:00,17,89,106
2012-04-15 02:00:00,20,54,74
2012-04-15 03:00:00,18,27,45
2012-04-15 04:00:00,2,10,12
2012-04-15 05:00:00,4,6,10
2012-04-15 06:00:00,5,11,16
2012-04-15 07:00:00,16,30,46
2012-04-15 08:00:00,33,64,97
2012-04-15 09:00:00,97,154,251
2012-04-15 10:00:00,186,235,421
2012-04-15 11:00:00,227,301,528
2012-04-15 12:00:00,275,360,635
2012-04-15 13:00:00,298,383,681
2012-04-15 14:00:00,282,346,628
2012-04-15 15:00:00,266,351,617
2012-04-15 16:00:00,286,330,616
2012-04-15 17:00:00,262,361,623
2012-04-15 18:00:00,184,295,479
2012-04-15 19:00:00,114,265,379
2012-04-15 20:00:00,86,205,291
2012-04-15 21:00:00,76,153,229
2012-04-15 22:00:00,37,97,134
2012-04-15 23:00:00,25,65,90
2012-04-16 00:00:00,15,26,41
2012-04-16 01:00:00,7,21,28
2012-04-16 02:00:00,5,9,14
2012-04-16 03:00:00,3,5,8
2012-04-16 04:00:00,0,6,6
2012-04-16 05:00:00,4,34,38
2012-04-16 06:00:00,10,123,133
2012-04-16 07:00:00,20,367,387
2012-04-16 08:00:00,48,549,597
2012-04-16 09:00:00,59,238,297
2012-04-16 10:00:00,75,149,224
2012-04-16 11:00:00,115,136,251
2012-04-16 12:00:00,75,196,271
2012-04-16 13:00:00,79,184,263
2012-04-16 14:00:00,105,183,288
2012-04-16 15:00:00,81,194,275
2012-04-16 16:00:00,92,266,358
2012-04-16 17:00:00,111,601,712
2012-04-16 18:00:00,87,589,676
2012-04-16 19:00:00,61,461,522
2012-04-16 20:00:00,48,327,375
2012-04-16 21:00:00,39,232,271
2012-04-16 22:00:00,35,179,214
2012-04-16 23:00:00,24,97,121
2012-04-17 00:00:00,10,33,43
2012-04-17 01:00:00,6,5,11
2012-04-17 02:00:00,1,3,4
2012-04-17 03:00:00,0,6,6
2012-04-17 04:00:00,3,6,9
2012-04-17 05:00:00,1,29,30
2012-04-17 06:00:00,8,136,144
2012-04-17 07:00:00,18,443,461
2012-04-17 08:00:00,42,631,673
2012-04-17 09:00:00,71,329,400
2012-04-17 10:00:00,52,165,217
2012-04-17 11:00:00,65,174,239
2012-04-17 12:00:00,65,179,244
2012-04-17 13:00:00,52,187,239
2012-04-17 14:00:00,59,198,257
2012-04-17 15:00:00,91,217,308
2012-04-17 16:00:00,50,320,370
2012-04-17 17:00:00,108,673,781
2012-04-17 18:00:00,105,670,775
2012-04-17 19:00:00,73,464,537
2012-04-17 20:00:00,44,358,402
2012-04-17 21:00:00,37,260,297
2012-04-17 22:00:00,18,144,162
2012-04-17 23:00:00,10,72,82
2012-04-18 00:00:00,3,35,38
2012-04-18 01:00:00,1,13,14
2012-04-18 02:00:00,1,8,9
2012-04-18 03:00:00,0,6,6
2012-04-18 04:00:00,0,7,7
2012-04-18 05:00:00,0,34,34
2012-04-18 06:00:00,6,128,134
2012-04-18 07:00:00,10,408,418
2012-04-18 08:00:00,25,551,576
2012-04-18 09:00:00,20,245,265
2012-04-18 10:00:00,31,116,147
2012-04-18 11:00:00,14,105,119
2012-04-18 12:00:00,15,95,110
2012-04-18 13:00:00,13,51,64
2012-04-18 14:00:00,8,43,51
2012-04-18 15:00:00,10,88,98
2012-04-18 16:00:00,36,199,235
2012-04-18 17:00:00,46,442,488
2012-04-18 18:00:00,27,478,505
2012-04-18 19:00:00,26,342,368
2012-04-18 20:00:00,8,252,260
2012-04-18 21:00:00,24,165,189
2012-04-18 22:00:00,9,153,162
2012-04-18 23:00:00,14,56,70
2012-04-19 00:00:00,5,20,25
2012-04-19 01:00:00,2,11,13
2012-04-19 02:00:00,2,4,6
2012-04-19 03:00:00,1,3,4
2012-04-19 04:00:00,0,4,4
2012-04-19 05:00:00,0,30,30
2012-04-19 06:00:00,4,116,120
2012-04-19 07:00:00,15,391,406
2012-04-19 08:00:00,26,651,677
2012-04-19 09:00:00,31,270,301
2012-04-19 10:00:00,46,143,189
2012-04-19 11:00:00,46,183,229
2012-04-19 12:00:00,51,213,264
2012-04-19 13:00:00,52,186,238
2012-04-19 14:00:00,54,183,237
2012-04-19 15:00:00,66,196,262
2012-04-19 16:00:00,63,324,387
2012-04-19 17:00:00,85,663,748
2012-04-19 18:00:00,99,677,776
2012-04-19 19:00:00,70,516,586
2012-04-19 20:00:00,52,352,404
2012-04-19 21:00:00,27,240,267
2012-04-19 22:00:00,29,219,248
2012-04-19 23:00:00,20,124,144
2012-05-01 00:00:00,7,28,35
2012-05-01 01:00:00,0,21,21
2012-05-01 02:00:00,1,7,8
2012-05-01 03:00:00,1,2,3
2012-05-01 04:00:00,1,7,8
2012-05-01 05:00:00,0,17,17
2012-05-01 06:00:00,2,24,26
2012-05-01 07:00:00,8,161,169
2012-05-01 08:00:00,19,538,557
2012-05-01 09:00:00,18,331,349
2012-05-01 10:00:00,30,144,174
2012-05-01 11:00:00,50,179,229
2012-05-01 12:00:00,41,228,269
2012-05-01 13:00:00,41,208,249
2012-05-01 14:00:00,37,167,204
2012-05-01 15:00:00,48,186,234
2012-05-01 16:00:00,41,313,354
2012-05-01 17:00:00,65,616,681
2012-05-01 18:00:00,81,662,743
2012-05-01 19:00:00,58,429,487
2012-05-01 20:00:00,36,299,335
2012-05-01 21:00:00,31,251,282
2012-05-01 22:00:00,21,190,211
2012-05-01 23:00:00,16,79,95
2012-05-02 00:00:00,4,43,47
2012-05-02 01:00:00,8,7,15
2012-05-02 02:00:00,7,9,16
2012-05-02 03:00:00,0,6,6
2012-05-02 04:00:00,2,2,4
2012-05-02 05:00:00,2,31,33
2012-05-02 06:00:00,3,117,120
2012-05-02 07:00:00,14,344,358
2012-05-02 08:00:00,26,640,666
2012-05-02 09:00:00,26,289,315
2012-05-02 10:00:00,28,147,175
2012-05-02 11:00:00,39,145,184
2012-05-02 12:00:00,35,210,245
2012-05-02 13:00:00,49,179,228
2012-05-02 14:00:00,51,189,240
2012-05-02 15:00:00,52,204,256
2012-05-02 16:00:00,54,313,367
2012-05-02 17:00:00,70,659,729
2012-05-02 18:00:00,43,770,813
2012-05-02 19:00:00,43,461,504
2012-05-02 20:00:00,42,296,338
2012-05-02 21:00:00,21,218,239
2012-05-02 22:00:00,27,146,173
2012-05-02 23:00:00,21,77,98
2012-05-03 00:00:00,15,75,90
2012-05-03 01:00:00,9,15,24
2012-05-03 02:00:00,4,13,17
2012-05-03 03:00:00,2,4,6
2012-05-03 04:00:00,0,2,2
2012-05-03 05:00:00,1,20,21
2012-05-03 06:00:00,8,128,136
2012-05-03 07:00:00,8,376,384
2012-05-03 08:00:00,19,608,627
2012-05-03 09:00:00,25,279,304
2012-05-03 10:00:00,36,132,168
2012-05-03 11:00:00,34,167,201
2012-05-03 12:00:00,64,237,301
2012-05-03 13:00:00,48,217,265
2012-05-03 14:00:00,33,171,204
2012-05-03 15:00:00,63,220,283
2012-05-03 16:00:00,45,325,370
2012-05-03 17:00:00,87,617,704
2012-05-03 18:00:00,64,642,706
2012-05-03 19:00:00,55,467,522
2012-05-03 20:00:00,52,368,420
2012-05-03 21:00:00,42,257,299
2012-05-03 22:00:00,29,217,246
2012-05-03 23:00:00,21,100,121
2012-05-04 00:00:00,19,70,89
2012-05-04 01:00:00,15,33,48
2012-05-04 02:00:00,0,11,11
2012-05-04 03:00:00,0,14,14
2012-05-04 04:00:00,0,4,4
2012-05-04 05:00:00,0,24,24
2012-05-04 06:00:00,8,127,135
2012-05-04 07:00:00,9,347,356
2012-05-04 08:00:00,34,584,618
2012-05-04 09:00:00,32,262,294
2012-05-04 10:00:00,45,154,199
2012-05-04 11:00:00,77,181,258
2012-05-04 12:00:00,46,125,171
2012-05-04 13:00:00,71,207,278
2012-05-04 14:00:00,83,159,242
2012-05-04 15:00:00,103,240,343
2012-05-04 16:00:00,82,358,440
2012-05-04 17:00:00,96,547,643
2012-05-04 18:00:00,77,564,641
2012-05-04 19:00:00,64,388,452
2012-05-04 20:00:00,58,255,313
2012-05-04 21:00:00,49,186,235
2012-05-04 22:00:00,50,182,232
2012-05-04 23:00:00,51,205,256
2012-05-05 00:00:00,42,111,153
2012-05-05 01:00:00,28,79,107
2012-05-05 02:00:00,24,51,75
2012-05-05 03:00:00,11,21,32
2012-05-05 04:00:00,0,9,9
2012-05-05 05:00:00,8,14,22
2012-05-05 06:00:00,9,33,42
2012-05-05 07:00:00,8,79,87
2012-05-05 08:00:00,42,155,197
2012-05-05 09:00:00,61,223,284
2012-05-05 10:00:00,148,284,432
2012-05-05 11:00:00,221,354,575
2012-05-05 12:00:00,220,330,550
2012-05-05 13:00:00,217,307,524
2012-05-05 14:00:00,187,241,428
2012-05-05 15:00:00,241,300,541
2012-05-05 16:00:00,230,310,540
2012-05-05 17:00:00,204,298,502
2012-05-05 18:00:00,156,278,434
2012-05-05 19:00:00,151,254,405
2012-05-05 20:00:00,100,209,309
2012-05-05 21:00:00,86,183,269
2012-05-05 22:00:00,67,150,217
2012-05-05 23:00:00,35,114,149
2012-05-06 00:00:00,23,111,134
2012-05-06 01:00:00,37,84,121
2012-05-06 02:00:00,29,64,93
2012-05-06 03:00:00,9,19,28
2012-05-06 04:00:00,9,7,16
2012-05-06 05:00:00,1,10,11
2012-05-06 06:00:00,3,14,17
2012-05-06 07:00:00,5,31,36
2012-05-06 08:00:00,23,91,114
2012-05-06 09:00:00,63,128,191
2012-05-06 10:00:00,112,221,333
2012-05-06 11:00:00,144,270,414
2012-05-06 12:00:00,207,351,558
2012-05-06 13:00:00,197,368,565
2012-05-06 14:00:00,226,292,518
2012-05-06 15:00:00,229,342,571
2012-05-06 16:00:00,181,363,544
2012-05-06 17:00:00,195,316,511
2012-05-06 18:00:00,131,332,463
2012-05-06 19:00:00,117,266,383
2012-05-06 20:00:00,73,203,276
2012-05-06 21:00:00,55,148,203
2012-05-06 22:00:00,44,113,157
2012-05-06 23:00:00,22,80,102
2012-05-07 00:00:00,13,21,34
2012-05-07 01:00:00,1,8,9
2012-05-07 02:00:00,1,5,6
2012-05-07 03:00:00,2,3,5
2012-05-07 04:00:00,0,2,2
2012-05-07 05:00:00,2,21,23
2012-05-07 06:00:00,8,134,142
2012-05-07 07:00:00,18,367,385
2012-05-07 08:00:00,31,608,639
2012-05-07 09:00:00,61,289,350
2012-05-07 10:00:00,62,128,190
2012-05-07 11:00:00,64,149,213
2012-05-07 12:00:00,74,189,263
2012-05-07 13:00:00,75,197,272
2012-05-07 14:00:00,59,180,239
2012-05-07 15:00:00,76,186,262
2012-05-07 16:00:00,68,320,388
2012-05-07 17:00:00,102,667,769
2012-05-07 18:00:00,78,602,680
2012-05-07 19:00:00,83,463,546
2012-05-07 20:00:00,46,277,323
2012-05-07 21:00:00,37,210,247
2012-05-07 22:00:00,26,147,173
2012-05-07 23:00:00,21,92,113
2012-05-08 00:00:00,10,28,38
2012-05-08 01:00:00,6,3,9
2012-05-08 02:00:00,9,7,16
2012-05-08 03:00:00,2,4,6
2012-05-08 04:00:00,0,5,5
2012-05-08 05:00:00,0,20,20
2012-05-08 06:00:00,7,158,165
2012-05-08 07:00:00,21,442,463
2012-05-08 08:00:00,36,605,641
2012-05-08 09:00:00,37,258,295
2012-05-08 10:00:00,46,111,157
2012-05-08 11:00:00,60,157,217
2012-05-08 12:00:00,60,203,263
2012-05-08 13:00:00,53,166,219
2012-05-08 14:00:00,8,63,71
2012-05-08 15:00:00,40,94,134
2012-05-08 16:00:00,54,335,389
2012-05-08 17:00:00,77,640,717
2012-05-08 18:00:00,69,641,710
2012-05-08 19:00:00,59,399,458
2012-05-08 20:00:00,40,262,302
2012-05-08 21:00:00,21,202,223
2012-05-08 22:00:00,13,134,147
2012-05-08 23:00:00,10,53,63
2012-05-09 00:00:00,8,27,35
2012-05-09 01:00:00,3,11,14
2012-05-09 02:00:00,0,1,1
2012-05-09 03:00:00,0,2,2
2012-05-09 04:00:00,0,5,5
2012-05-09 05:00:00,1,27,28
2012-05-09 06:00:00,5,121,126
2012-05-09 07:00:00,17,401,418
2012-05-09 08:00:00,28,594,622
2012-05-09 09:00:00,40,285,325
2012-05-09 10:00:00,40,113,153
2012-05-09 11:00:00,45,156,201
2012-05-09 12:00:00,58,222,280
2012-05-09 13:00:00,50,216,266
2012-05-09 14:00:00,68,175,243
2012-05-09 15:00:00,68,191,259
2012-05-09 16:00:00,68,289,357
2012-05-09 17:00:00,76,629,705
2012-05-09 18:00:00,23,349,372
2012-05-09 19:00:00,2,96,98
2012-05-09 20:00:00,3,48,51
2012-05-09 21:00:00,4,30,34
2012-05-09 22:00:00,5,62,67
2012-05-09 23:00:00,8,47,55
2012-05-10 00:00:00,2,31,33
2012-05-10 01:00:00,2,9,11
2012-05-10 02:00:00,0,3,3
2012-05-10 03:00:00,0,3,3
2012-05-10 04:00:00,0,2,2
2012-05-10 05:00:00,1,23,24
2012-05-10 06:00:00,9,130,139
2012-05-10 07:00:00,8,393,401
2012-05-10 08:00:00,27,603,630
2012-05-10 09:00:00,62,299,361
2012-05-10 10:00:00,42,112,154
2012-05-10 11:00:00,77,179,256
2012-05-10 12:00:00,65,207,272
2012-05-10 13:00:00,90,228,318
2012-05-10 14:00:00,61,186,247
2012-05-10 15:00:00,79,192,271
2012-05-10 16:00:00,87,334,421
2012-05-10 17:00:00,84,648,732
2012-05-10 18:00:00,109,661,770
2012-05-10 19:00:00,84,469,553
2012-05-10 20:00:00,59,315,374
2012-05-10 21:00:00,19,211,230
2012-05-10 22:00:00,36,196,232
2012-05-10 23:00:00,23,112,135
2012-05-11 00:00:00,17,47,64
2012-05-11 01:00:00,14,32,46
2012-05-11 02:00:00,15,16,31
2012-05-11 03:00:00,5,8,13
2012-05-11 04:00:00,3,6,9
2012-05-11 05:00:00,3,23,26
2012-05-11 06:00:00,7,128,135
2012-05-11 07:00:00,6,345,351
2012-05-11 08:00:00,41,579,620
2012-05-11 09:00:00,34,288,322
2012-05-11 10:00:00,69,141,210
2012-05-11 11:00:00,88,203,291
2012-05-11 12:00:00,89,259,348
2012-05-11 13:00:00,100,263,363
2012-05-11 14:00:00,116,218,334
2012-05-11 15:00:00,140,299,439
2012-05-11 16:00:00,128,397,525
2012-05-11 17:00:00,102,677,779
2012-05-11 18:00:00,78,518,596
2012-05-11 19:00:00,73,430,503
2012-05-11 20:00:00,64,277,341
2012-05-11 21:00:00,45,225,270
2012-05-11 22:00:00,44,190,234
2012-05-11 23:00:00,38,142,180
2012-05-12 00:00:00,25,111,136
2012-05-12 01:00:00,14,79,93
2012-05-12 02:00:00,10,46,56
2012-05-12 03:00:00,14,20,34
2012-05-12 04:00:00,3,6,9
2012-05-12 05:00:00,5,8,13
2012-05-12 06:00:00,10,23,33
2012-05-12 07:00:00,10,57,67
2012-05-12 08:00:00,22,156,178
2012-05-12 09:00:00,87,248,335
2012-05-12 10:00:00,132,279,411
2012-05-12 11:00:00,157,365,522
2012-05-12 12:00:00,206,353,559
2012-05-12 13:00:00,293,366,659
2012-05-12 14:00:00,257,358,615
2012-05-12 15:00:00,269,321,590
2012-05-12 16:00:00,254,337,591
2012-05-12 17:00:00,233,343,576
2012-05-12 18:00:00,164,382,546
2012-05-12 19:00:00,166,273,439
2012-05-12 20:00:00,113,174,287
2012-05-12 21:00:00,74,156,230
2012-05-12 22:00:00,62,212,274
2012-05-12 23:00:00,42,134,176
2012-05-13 00:00:00,19,79,98
2012-05-13 01:00:00,22,72,94
2012-05-13 02:00:00,22,60,82
2012-05-13 03:00:00,2,26,28
2012-05-13 04:00:00,2,7,9
2012-05-13 05:00:00,4,8,12
2012-05-13 06:00:00,6,15,21
2012-05-13 07:00:00,18,42,60
2012-05-13 08:00:00,32,124,156
2012-05-13 09:00:00,79,143,222
2012-05-13 10:00:00,128,222,350
2012-05-13 11:00:00,150,278,428
2012-05-13 12:00:00,189,342,531
2012-05-13 13:00:00,255,347,602
2012-05-13 14:00:00,228,324,552
2012-05-13 15:00:00,190,309,499
2012-05-13 16:00:00,225,339,564
2012-05-13 17:00:00,191,287,478
2012-05-13 18:00:00,129,260,389
2012-05-13 19:00:00,107,232,339
2012-05-13 20:00:00,67,163,230
2012-05-13 21:00:00,48,121,169
2012-05-13 22:00:00,42,89,131
2012-05-13 23:00:00,17,57,74
2012-05-14 00:00:00,21,14,35
2012-05-14 01:00:00,5,6,11
2012-05-14 02:00:00,1,1,2
2012-05-14 03:00:00,0,2,2
2012-05-14 04:00:00,3,3,6
2012-05-14 05:00:00,1,25,26
2012-05-14 06:00:00,3,62,65
2012-05-14 07:00:00,3,72,75
2012-05-14 08:00:00,1,155,156
2012-05-14 09:00:00,5,105,110
2012-05-14 10:00:00,6,53,59
2012-05-14 11:00:00,12,67,79
2012-05-14 12:00:00,53,132,185
2012-05-14 13:00:00,33,143,176
2012-05-14 14:00:00,43,128,171
2012-05-14 15:00:00,40,156,196
2012-05-14 16:00:00,20,91,111
2012-05-14 17:00:00,25,204,229
2012-05-14 18:00:00,17,283,300
2012-05-14 19:00:00,10,294,304
2012-05-14 20:00:00,11,178,189
2012-05-14 21:00:00,7,145,152
2012-05-14 22:00:00,11,118,129
2012-05-14 23:00:00,11,64,75
2012-05-15 00:00:00,7,25,32
2012-05-15 01:00:00,5,14,19
2012-05-15 02:00:00,1,3,4
2012-05-15 03:00:00,1,5,6
2012-05-15 04:00:00,1,4,5
2012-05-15 05:00:00,0,8,8
2012-05-15 06:00:00,2,22,24
2012-05-15 07:00:00,1,91,92
2012-05-15 08:00:00,8,401,409
2012-05-15 09:00:00,28,327,355
2012-05-15 10:00:00,27,144,171
2012-05-15 11:00:00,38,186,224
2012-05-15 12:00:00,44,220,264
2012-05-15 13:00:00,35,204,239
2012-05-15 14:00:00,39,145,184
2012-05-15 15:00:00,51,205,256
2012-05-15 16:00:00,74,300,374
2012-05-15 17:00:00,75,603,678
2012-05-15 18:00:00,68,665,733
2012-05-15 19:00:00,57,455,512
2012-05-15 20:00:00,30,233,263
2012-05-15 21:00:00,11,98,109
2012-05-15 22:00:00,9,74,83
2012-05-15 23:00:00,13,58,71
2012-05-16 00:00:00,12,27,39
2012-05-16 01:00:00,7,14,21
2012-05-16 02:00:00,5,14,19
2012-05-16 03:00:00,1,5,6
2012-05-16 04:00:00,1,3,4
2012-05-16 05:00:00,4,34,38
2012-05-16 06:00:00,8,150,158
2012-05-16 07:00:00,14,426,440
2012-05-16 08:00:00,33,617,650
2012-05-16 09:00:00,33,314,347
2012-05-16 10:00:00,43,149,192
2012-05-16 11:00:00,55,212,267
2012-05-16 12:00:00,59,271,330
2012-05-16 13:00:00,77,273,350
2012-05-16 14:00:00,42,221,263
2012-05-16 15:00:00,52,222,274
2012-05-16 16:00:00,70,376,446
2012-05-16 17:00:00,104,769,873
2012-05-16 18:00:00,97,749,846
2012-05-16 19:00:00,91,499,590
2012-05-16 20:00:00,61,398,459
2012-05-16 21:00:00,63,330,393
2012-05-16 22:00:00,33,253,286
2012-05-16 23:00:00,26,107,133
2012-05-17 00:00:00,30,49,79
2012-05-17 01:00:00,12,16,28
2012-05-17 02:00:00,8,8,16
2012-05-17 03:00:00,0,3,3
2012-05-17 04:00:00,3,13,16
2012-05-17 05:00:00,1,34,35
2012-05-17 06:00:00,10,149,159
2012-05-17 07:00:00,25,449,474
2012-05-17 08:00:00,29,605,634
2012-05-17 09:00:00,57,289,346
2012-05-17 10:00:00,43,162,205
2012-05-17 11:00:00,77,202,279
2012-05-17 12:00:00,72,276,348
2012-05-17 13:00:00,86,241,327
2012-05-17 14:00:00,68,202,270
2012-05-17 15:00:00,83,233,316
2012-05-17 16:00:00,86,344,430
2012-05-17 17:00:00,133,719,852
2012-05-17 18:00:00,134,734,868
2012-05-17 19:00:00,86,451,537
2012-05-17 20:00:00,83,363,446
2012-05-17 21:00:00,45,254,299
2012-05-17 22:00:00,42,209,251
2012-05-17 23:00:00,29,137,166
2012-05-18 00:00:00,13,57,70
2012-05-18 01:00:00,16,33,49
2012-05-18 02:00:00,12,9,21
2012-05-18 03:00:00,6,8,14
2012-05-18 04:00:00,0,11,11
2012-05-18 05:00:00,1,33,34
2012-05-18 06:00:00,14,168,182
2012-05-18 07:00:00,40,475,515
2012-05-18 08:00:00,49,696,745
2012-05-18 09:00:00,57,304,361
2012-05-18 10:00:00,74,181,255
2012-05-18 11:00:00,109,225,334
2012-05-18 12:00:00,108,252,360
2012-05-18 13:00:00,98,297,395
2012-05-18 14:00:00,108,242,350
2012-05-18 15:00:00,131,260,391
2012-05-18 16:00:00,151,417,568
2012-05-18 17:00:00,124,688,812
2012-05-18 18:00:00,99,570,669
2012-05-18 19:00:00,91,392,483
2012-05-18 20:00:00,73,264,337
2012-05-18 21:00:00,49,209,258
2012-05-18 22:00:00,57,194,251
2012-05-18 23:00:00,41,133,174
2012-05-19 00:00:00,30,118,148
2012-05-19 01:00:00,20,84,104
2012-05-19 02:00:00,13,56,69
2012-05-19 03:00:00,10,23,33
2012-05-19 04:00:00,6,8,14
2012-05-19 05:00:00,1,11,12
2012-05-19 06:00:00,12,38,50
2012-05-19 07:00:00,28,67,95
2012-05-19 08:00:00,33,162,195
2012-05-19 09:00:00,79,213,292
2012-05-19 10:00:00,177,275,452
2012-05-19 11:00:00,235,351,586
2012-05-19 12:00:00,276,366,642
2012-05-19 13:00:00,332,372,704
2012-05-19 14:00:00,361,369,730
2012-05-19 15:00:00,356,316,672
2012-05-19 16:00:00,331,311,642
2012-05-19 17:00:00,279,347,626
2012-05-19 18:00:00,254,391,645
2012-05-19 19:00:00,203,229,432
2012-05-19 20:00:00,118,197,315
2012-05-19 21:00:00,81,178,259
2012-05-19 22:00:00,104,234,338
2012-05-19 23:00:00,71,168,239
2012-06-01 00:00:00,10,76,86
2012-06-01 01:00:00,0,34,34
2012-06-01 02:00:00,3,13,16
2012-06-01 03:00:00,0,4,4
2012-06-01 04:00:00,1,5,6
2012-06-01 05:00:00,4,41,45
2012-06-01 06:00:00,5,136,141
2012-06-01 07:00:00,33,369,402
2012-06-01 08:00:00,19,675,694
2012-06-01 09:00:00,24,274,298
2012-06-01 10:00:00,49,155,204
2012-06-01 11:00:00,42,193,235
2012-06-01 12:00:00,72,238,310
2012-06-01 13:00:00,76,240,316
2012-06-01 14:00:00,55,199,254
2012-06-01 15:00:00,45,213,258
2012-06-01 16:00:00,36,186,222
2012-06-01 17:00:00,25,202,227
2012-06-01 18:00:00,10,100,110
2012-06-01 19:00:00,4,41,45
2012-06-01 20:00:00,1,38,39
2012-06-01 21:00:00,12,73,85
2012-06-01 22:00:00,1,22,23
2012-06-01 23:00:00,6,67,73
2012-06-02 00:00:00,5,81,86
2012-06-02 01:00:00,15,61,76
2012-06-02 02:00:00,3,38,41
2012-06-02 03:00:00,8,18,26
2012-06-02 04:00:00,2,11,13
2012-06-02 05:00:00,1,11,12
2012-06-02 06:00:00,5,31,36
2012-06-02 07:00:00,9,77,86
2012-06-02 08:00:00,30,180,210
2012-06-02 09:00:00,89,243,332
2012-06-02 10:00:00,145,348,493
2012-06-02 11:00:00,179,357,536
2012-06-02 12:00:00,250,418,668
2012-06-02 13:00:00,279,400,679
2012-06-02 14:00:00,259,388,647
2012-06-02 15:00:00,297,405,702
2012-06-02 16:00:00,275,369,644
2012-06-02 17:00:00,248,338,586
2012-06-02 18:00:00,171,341,512
2012-06-02 19:00:00,185,369,554
2012-06-02 20:00:00,139,260,399
2012-06-02 21:00:00,96,220,316
2012-06-02 22:00:00,52,176,228
2012-06-02 23:00:00,53,185,238
2012-06-03 00:00:00,27,142,169
2012-06-03 01:00:00,21,100,121
2012-06-03 02:00:00,22,67,89
2012-06-03 03:00:00,16,34,50
2012-06-03 04:00:00,1,12,13
2012-06-03 05:00:00,1,11,12
2012-06-03 06:00:00,6,16,22
2012-06-03 07:00:00,6,29,35
2012-06-03 08:00:00,30,110,140
2012-06-03 09:00:00,70,230,300
2012-06-03 10:00:00,127,277,404
2012-06-03 11:00:00,199,312,511
2012-06-03 12:00:00,276,408,684
2012-06-03 13:00:00,265,421,686
2012-06-03 14:00:00,267,411,678
2012-06-03 15:00:00,236,408,644
2012-06-03 16:00:00,226,436,662
2012-06-03 17:00:00,192,386,578
2012-06-03 18:00:00,153,343,496
2012-06-03 19:00:00,116,337,453
2012-06-03 20:00:00,84,230,314
2012-06-03 21:00:00,66,180,246
2012-06-03 22:00:00,61,165,226
2012-06-03 23:00:00,26,82,108
2012-06-04 00:00:00,11,38,49
2012-06-04 01:00:00,4,10,14
2012-06-04 02:00:00,1,10,11
2012-06-04 03:00:00,0,5,5
2012-06-04 04:00:00,2,6,8
2012-06-04 05:00:00,2,33,35
2012-06-04 06:00:00,4,135,139
2012-06-04 07:00:00,13,504,517
2012-06-04 08:00:00,22,643,665
2012-06-04 09:00:00,38,244,282
2012-06-04 10:00:00,67,120,187
2012-06-04 11:00:00,71,168,239
2012-06-04 12:00:00,62,220,282
2012-06-04 13:00:00,85,189,274
2012-06-04 14:00:00,84,186,270
2012-06-04 15:00:00,77,215,292
2012-06-04 16:00:00,73,375,448
2012-06-04 17:00:00,101,733,834
2012-06-04 18:00:00,103,719,822
2012-06-04 19:00:00,91,554,645
2012-06-04 20:00:00,71,390,461
2012-06-04 21:00:00,40,225,265
2012-06-04 22:00:00,41,127,168
2012-06-04 23:00:00,8,78,86
2012-06-05 00:00:00,6,28,34
2012-06-05 01:00:00,2,18,20
2012-06-05 02:00:00,0,8,8
2012-06-05 03:00:00,0,5,5
2012-06-05 04:00:00,1,4,5
2012-06-05 05:00:00,1,35,36
2012-06-05 06:00:00,7,177,184
2012-06-05 07:00:00,29,540,569
2012-06-05 08:00:00,30,680,710
2012-06-05 09:00:00,50,285,335
2012-06-05 10:00:00,58,118,176
2012-06-05 11:00:00,65,162,227
2012-06-05 12:00:00,45,202,247
2012-06-05 13:00:00,66,201,267
2012-06-05 14:00:00,82,194,276
2012-06-05 15:00:00,54,218,272
2012-06-05 16:00:00,91,382,473
2012-06-05 17:00:00,86,764,850
2012-06-05 18:00:00,111,679,790
2012-06-05 19:00:00,68,445,513
2012-06-05 20:00:00,44,371,415
2012-06-05 21:00:00,30,253,283
2012-06-05 22:00:00,22,171,193
2012-06-05 23:00:00,20,93,113
2012-06-06 00:00:00,3,46,49
2012-06-06 01:00:00,6,21,27
2012-06-06 02:00:00,4,7,11
2012-06-06 03:00:00,0,8,8
2012-06-06 04:00:00,3,7,10
2012-06-06 05:00:00,1,37,38
2012-06-06 06:00:00,7,165,172
2012-06-06 07:00:00,16,531,547
2012-06-06 08:00:00,31,637,668
2012-06-06 09:00:00,35,268,303
2012-06-06 10:00:00,55,148,203
2012-06-06 11:00:00,65,161,226
2012-06-06 12:00:00,80,235,315
2012-06-06 13:00:00,73,230,303
2012-06-06 14:00:00,111,191,302
2012-06-06 15:00:00,75,225,300
2012-06-06 16:00:00,107,345,452
2012-06-06 17:00:00,72,652,724
2012-06-06 18:00:00,94,688,782
2012-06-06 19:00:00,52,486,538
2012-06-06 20:00:00,59,349,408
2012-06-06 21:00:00,38,260,298
2012-06-06 22:00:00,27,221,248
2012-06-06 23:00:00,13,110,123
2012-06-07 00:00:00,9,50,59
2012-06-07 01:00:00,5,17,22
2012-06-07 02:00:00,0,12,12
2012-06-07 03:00:00,0,5,5
2012-06-07 04:00:00,0,6,6
2012-06-07 05:00:00,0,34,34
2012-06-07 06:00:00,5,165,170
2012-06-07 07:00:00,20,506,526
2012-06-07 08:00:00,20,661,681
2012-06-07 09:00:00,37,300,337
2012-06-07 10:00:00,56,154,210
2012-06-07 11:00:00,67,170,237
2012-06-07 12:00:00,62,274,336
2012-06-07 13:00:00,65,250,315
2012-06-07 14:00:00,67,198,265
2012-06-07 15:00:00,99,234,333
2012-06-07 16:00:00,77,389,466
2012-06-07 17:00:00,91,778,869
2012-06-07 18:00:00,110,703,813
2012-06-07 19:00:00,65,537,602
2012-06-07 20:00:00,76,402,478
2012-06-07 21:00:00,30,283,313
2012-06-07 22:00:00,35,193,228
2012-06-07 23:00:00,42,135,177
2012-06-08 00:00:00,18,59,77
2012-06-08 01:00:00,4,25,29
2012-06-08 02:00:00,2,17,19
2012-06-08 03:00:00,0,8,8
2012-06-08 04:00:00,1,9,10
2012-06-08 05:00:00,1,28,29
2012-06-08 06:00:00,8,131,139
2012-06-08 07:00:00,19,409,428
2012-06-08 08:00:00,37,663,700
2012-06-08 09:00:00,47,335,382
2012-06-08 10:00:00,62,187,249
2012-06-08 11:00:00,65,199,264
2012-06-08 12:00:00,89,280,369
2012-06-08 13:00:00,129,287,416
2012-06-08 14:00:00,128,245,373
2012-06-08 15:00:00,98,299,397
2012-06-08 16:00:00,111,412,523
2012-06-08 17:00:00,114,679,793
2012-06-08 18:00:00,147,576,723
2012-06-08 19:00:00,95,460,555
2012-06-08 20:00:00,117,291,408
2012-06-08 21:00:00,83,256,339
2012-06-08 22:00:00,61,230,291
2012-06-08 23:00:00,52,163,215
2012-06-09 00:00:00,54,152,206
2012-06-09 01:00:00,34,89,123
2012-06-09 02:00:00,21,68,89
2012-06-09 03:00:00,12,28,40
2012-06-09 04:00:00,2,6,8
2012-06-09 05:00:00,4,15,19
2012-06-09 06:00:00,17,63,80
2012-06-09 07:00:00,26,61,87
2012-06-09 08:00:00,42,202,244
2012-06-09 09:00:00,99,241,340
2012-06-09 10:00:00,168,298,466
2012-06-09 11:00:00,218,351,569
2012-06-09 12:00:00,196,335,531
2012-06-09 13:00:00,236,349,585
2012-06-09 14:00:00,239,354,593
2012-06-09 15:00:00,218,337,555
2012-06-09 16:00:00,219,315,534
2012-06-09 17:00:00,238,257,495
2012-06-09 18:00:00,175,276,451
2012-06-09 19:00:00,128,232,360
2012-06-09 20:00:00,125,238,363
2012-06-09 21:00:00,105,211,316
2012-06-09 22:00:00,63,151,214
2012-06-09 23:00:00,69,161,230
2012-06-10 00:00:00,33,125,158
2012-06-10 01:00:00,32,84,116
2012-06-10 02:00:00,17,56,73
2012-06-10 03:00:00,6,23,29
2012-06-10 04:00:00,1,9,10
2012-06-10 05:00:00,3,10,13
2012-06-10 06:00:00,3,27,30
2012-06-10 07:00:00,21,41,62
2012-06-10 08:00:00,59,122,181
2012-06-10 09:00:00,91,175,266
2012-06-10 10:00:00,148,265,413
2012-06-10 11:00:00,184,315,499
2012-06-10 12:00:00,173,329,502
2012-06-10 13:00:00,204,288,492
2012-06-10 14:00:00,186,314,500
2012-06-10 15:00:00,159,316,475
2012-06-10 16:00:00,173,335,508
2012-06-10 17:00:00,184,337,521
2012-06-10 18:00:00,164,326,490
2012-06-10 19:00:00,115,260,375
2012-06-10 20:00:00,113,250,363
2012-06-10 21:00:00,83,170,253
2012-06-10 22:00:00,42,117,159
2012-06-10 23:00:00,30,80,110
2012-06-11 00:00:00,8,33,41
2012-06-11 01:00:00,9,15,24
2012-06-11 02:00:00,5,12,17
2012-06-11 03:00:00,2,4,6
2012-06-11 04:00:00,0,7,7
2012-06-11 05:00:00,1,36,37
2012-06-11 06:00:00,8,136,144
2012-06-11 07:00:00,25,478,503
2012-06-11 08:00:00,38,613,651
2012-06-11 09:00:00,57,259,316
2012-06-11 10:00:00,52,95,147
2012-06-11 11:00:00,59,143,202
2012-06-11 12:00:00,63,198,261
2012-06-11 13:00:00,63,185,248
2012-06-11 14:00:00,66,193,259
2012-06-11 15:00:00,72,187,259
2012-06-11 16:00:00,87,340,427
2012-06-11 17:00:00,85,715,800
2012-06-11 18:00:00,105,726,831
2012-06-11 19:00:00,89,507,596
2012-06-11 20:00:00,61,333,394
2012-06-11 21:00:00,32,218,250
2012-06-11 22:00:00,22,142,164
2012-06-11 23:00:00,8,72,80
2012-06-12 00:00:00,2,26,28
2012-06-12 01:00:00,5,11,16
2012-06-12 02:00:00,0,6,6
2012-06-12 03:00:00,3,9,12
2012-06-12 04:00:00,0,4,4
2012-06-12 05:00:00,1,28,29
2012-06-12 06:00:00,6,130,136
2012-06-12 07:00:00,16,287,303
2012-06-12 08:00:00,15,598,613
2012-06-12 09:00:00,31,254,285
2012-06-12 10:00:00,29,96,125
2012-06-12 11:00:00,8,57,65
2012-06-12 12:00:00,19,76,95
2012-06-12 13:00:00,11,48,59
2012-06-12 14:00:00,12,48,60
2012-06-12 15:00:00,22,94,116
2012-06-12 16:00:00,30,209,239
2012-06-12 17:00:00,56,625,681
2012-06-12 18:00:00,57,596,653
2012-06-12 19:00:00,47,444,491
2012-06-12 20:00:00,36,350,386
2012-06-12 21:00:00,41,233,274
2012-06-12 22:00:00,19,188,207
2012-06-12 23:00:00,11,78,89
2012-06-13 00:00:00,7,27,34
2012-06-13 01:00:00,7,21,28
2012-06-13 02:00:00,0,4,4
2012-06-13 03:00:00,1,7,8
2012-06-13 04:00:00,1,9,10
2012-06-13 05:00:00,2,38,40
2012-06-13 06:00:00,6,188,194
2012-06-13 07:00:00,25,480,505
2012-06-13 08:00:00,41,672,713
2012-06-13 09:00:00,54,298,352
2012-06-13 10:00:00,64,134,198
2012-06-13 11:00:00,64,182,246
2012-06-13 12:00:00,93,241,334
2012-06-13 13:00:00,52,203,255
2012-06-13 14:00:00,98,222,320
2012-06-13 15:00:00,65,216,281
2012-06-13 16:00:00,72,320,392
2012-06-13 17:00:00,75,782,857
2012-06-13 18:00:00,104,640,744
2012-06-13 19:00:00,123,548,671
2012-06-13 20:00:00,86,362,448
2012-06-13 21:00:00,79,317,396
2012-06-13 22:00:00,29,209,238
2012-06-13 23:00:00,25,128,153
2012-06-14 00:00:00,3,45,48
2012-06-14 01:00:00,4,17,21
2012-06-14 02:00:00,1,8,9
2012-06-14 03:00:00,1,4,5
2012-06-14 04:00:00,0,6,6
2012-06-14 05:00:00,0,40,40
2012-06-14 06:00:00,12,169,181
2012-06-14 07:00:00,26,480,506
2012-06-14 08:00:00,37,682,719
2012-06-14 09:00:00,45,312,357
2012-06-14 10:00:00,47,132,179
2012-06-14 11:00:00,60,168,228
2012-06-14 12:00:00,55,210,265
2012-06-14 13:00:00,71,213,284
2012-06-14 14:00:00,84,214,298
2012-06-14 15:00:00,111,213,324
2012-06-14 16:00:00,70,368,438
2012-06-14 17:00:00,117,750,867
2012-06-14 18:00:00,107,716,823
2012-06-14 19:00:00,96,483,579
2012-06-14 20:00:00,84,351,435
2012-06-14 21:00:00,67,270,337
2012-06-14 22:00:00,46,196,242
2012-06-14 23:00:00,36,136,172
2012-06-15 00:00:00,26,68,94
2012-06-15 01:00:00,9,42,51
2012-06-15 02:00:00,0,15,15
2012-06-15 03:00:00,2,3,5
2012-06-15 04:00:00,1,13,14
2012-06-15 05:00:00,2,31,33
2012-06-15 06:00:00,9,142,151
2012-06-15 07:00:00,17,413,430
2012-06-15 08:00:00,44,609,653
2012-06-15 09:00:00,58,308,366
2012-06-15 10:00:00,56,160,216
2012-06-15 11:00:00,106,180,286
2012-06-15 12:00:00,111,292,403
2012-06-15 13:00:00,121,272,393
2012-06-15 14:00:00,121,255,376
2012-06-15 15:00:00,107,270,377
2012-06-15 16:00:00,132,426,558
2012-06-15 17:00:00,125,698,823
2012-06-15 18:00:00,121,572,693
2012-06-15 19:00:00,98,369,467
2012-06-15 20:00:00,89,296,385
2012-06-15 21:00:00,83,250,333
2012-06-15 22:00:00,79,242,321
2012-06-15 23:00:00,46,176,222
2012-06-16 00:00:00,25,112,137
2012-06-16 01:00:00,16,79,95
2012-06-16 02:00:00,12,55,67
2012-06-16 03:00:00,8,19,27
2012-06-16 04:00:00,3,5,8
2012-06-16 05:00:00,2,21,23
2012-06-16 06:00:00,11,36,47
2012-06-16 07:00:00,10,68,78
2012-06-16 08:00:00,47,157,204
2012-06-16 09:00:00,88,279,367
2012-06-16 10:00:00,139,296,435
2012-06-16 11:00:00,213,353,566
2012-06-16 12:00:00,254,349,603
2012-06-16 13:00:00,293,324,617
2012-06-16 14:00:00,264,309,573
2012-06-16 15:00:00,295,288,583
2012-06-16 16:00:00,238,304,542
2012-06-16 17:00:00,244,349,593
2012-06-16 18:00:00,256,315,571
2012-06-16 19:00:00,184,277,461
2012-06-16 20:00:00,123,229,352
2012-06-16 21:00:00,98,192,290
2012-06-16 22:00:00,91,189,280
2012-06-16 23:00:00,49,134,183
2012-06-17 00:00:00,31,117,148
2012-06-17 01:00:00,21,67,88
2012-06-17 02:00:00,19,55,74
2012-06-17 03:00:00,6,22,28
2012-06-17 04:00:00,2,16,18
2012-06-17 05:00:00,4,13,17
2012-06-17 06:00:00,7,16,23
2012-06-17 07:00:00,18,30,48
2012-06-17 08:00:00,24,95,119
2012-06-17 09:00:00,91,183,274
2012-06-17 10:00:00,148,288,436
2012-06-17 11:00:00,196,350,546
2012-06-17 12:00:00,260,355,615
2012-06-17 13:00:00,267,347,614
2012-06-17 14:00:00,255,327,582
2012-06-17 15:00:00,203,260,463
2012-06-17 16:00:00,240,340,580
2012-06-17 17:00:00,232,361,593
2012-06-17 18:00:00,203,310,513
2012-06-17 19:00:00,146,244,390
2012-06-17 20:00:00,101,201,302
2012-06-17 21:00:00,76,170,246
2012-06-17 22:00:00,55,98,153
2012-06-17 23:00:00,29,79,108
2012-06-18 00:00:00,12,28,40
2012-06-18 01:00:00,9,5,14
2012-06-18 02:00:00,3,6,9
2012-06-18 03:00:00,1,3,4
2012-06-18 04:00:00,0,9,9
2012-06-18 05:00:00,1,22,23
2012-06-18 06:00:00,0,37,37
2012-06-18 07:00:00,10,135,145
2012-06-18 08:00:00,27,447,474
2012-06-18 09:00:00,28,222,250
2012-06-18 10:00:00,13,78,91
2012-06-18 11:00:00,25,96,121
2012-06-18 12:00:00,29,139,168
2012-06-18 13:00:00,51,174,225
2012-06-18 14:00:00,59,160,219
2012-06-18 15:00:00,61,176,237
2012-06-18 16:00:00,53,279,332
2012-06-18 17:00:00,54,669,723
2012-06-18 18:00:00,47,595,642
2012-06-18 19:00:00,52,411,463
2012-06-18 20:00:00,45,317,362
2012-06-18 21:00:00,35,238,273
2012-06-18 22:00:00,21,143,164
2012-06-18 23:00:00,17,57,74
2012-06-19 00:00:00,5,30,35
2012-06-19 01:00:00,1,13,14
2012-06-19 02:00:00,1,14,15
2012-06-19 03:00:00,1,7,8
2012-06-19 04:00:00,1,9,10
2012-06-19 05:00:00,3,34,37
2012-06-19 06:00:00,9,152,161
2012-06-19 07:00:00,18,462,480
2012-06-19 08:00:00,40,633,673
2012-06-19 09:00:00,40,288,328
2012-06-19 10:00:00,44,136,180
2012-06-19 11:00:00,56,174,230
2012-06-19 12:00:00,70,222,292
2012-06-19 13:00:00,69,203,272
2012-06-19 14:00:00,61,166,227
2012-06-19 15:00:00,72,187,259
2012-06-19 16:00:00,48,286,334
2012-06-19 17:00:00,86,725,811
2012-06-19 18:00:00,91,704,795
2012-06-19 19:00:00,82,432,514
2012-06-19 20:00:00,59,399,458
2012-06-19 21:00:00,37,239,276
2012-06-19 22:00:00,51,240,291
2012-06-19 23:00:00,23,102,125
2012-07-01 00:00:00,27,122,149
2012-07-01 01:00:00,12,81,93
2012-07-01 02:00:00,21,69,90
2012-07-01 03:00:00,6,27,33
2012-07-01 04:00:00,0,4,4
2012-07-01 05:00:00,3,7,10
2012-07-01 06:00:00,8,19,27
2012-07-01 07:00:00,13,37,50
2012-07-01 08:00:00,36,106,142
2012-07-01 09:00:00,51,168,219
2012-07-01 10:00:00,98,268,366
2012-07-01 11:00:00,121,256,377
2012-07-01 12:00:00,114,319,433
2012-07-01 13:00:00,111,309,420
2012-07-01 14:00:00,98,346,444
2012-07-01 15:00:00,101,244,345
2012-07-01 16:00:00,85,228,313
2012-07-01 17:00:00,90,323,413
2012-07-01 18:00:00,95,275,370
2012-07-01 19:00:00,103,279,382
2012-07-01 20:00:00,88,244,332
2012-07-01 21:00:00,77,181,258
2012-07-01 22:00:00,41,110,151
2012-07-01 23:00:00,22,88,110
2012-07-02 00:00:00,12,31,43
2012-07-02 01:00:00,3,14,17
2012-07-02 02:00:00,1,14,15
2012-07-02 03:00:00,0,5,5
2012-07-02 04:00:00,2,10,12
2012-07-02 05:00:00,3,37,40
2012-07-02 06:00:00,4,132,136
2012-07-02 07:00:00,8,390,398
2012-07-02 08:00:00,20,548,568
2012-07-02 09:00:00,56,239,295
2012-07-02 10:00:00,70,104,174
2012-07-02 11:00:00,67,134,201
2012-07-02 12:00:00,74,183,257
2012-07-02 13:00:00,74,162,236
2012-07-02 14:00:00,79,151,230
2012-07-02 15:00:00,59,175,234
2012-07-02 16:00:00,61,304,365
2012-07-02 17:00:00,82,665,747
2012-07-02 18:00:00,72,658,730
2012-07-02 19:00:00,71,510,581
2012-07-02 20:00:00,38,357,395
2012-07-02 21:00:00,17,241,258
2012-07-02 22:00:00,19,169,188
2012-07-02 23:00:00,12,90,102
2012-07-03 00:00:00,9,44,53
2012-07-03 01:00:00,5,9,14
2012-07-03 02:00:00,2,8,10
2012-07-03 03:00:00,0,2,2
2012-07-03 04:00:00,0,6,6
2012-07-03 05:00:00,2,33,35
2012-07-03 06:00:00,5,149,154
2012-07-03 07:00:00,21,462,483
2012-07-03 08:00:00,42,604,646
2012-07-03 09:00:00,46,226,272
2012-07-03 10:00:00,56,153,209
2012-07-03 11:00:00,66,151,217
2012-07-03 12:00:00,74,198,272
2012-07-03 13:00:00,80,203,283
2012-07-03 14:00:00,69,241,310
2012-07-03 15:00:00,71,330,401
2012-07-03 16:00:00,90,437,527
2012-07-03 17:00:00,102,620,722
2012-07-03 18:00:00,85,542,627
2012-07-03 19:00:00,66,431,497
2012-07-03 20:00:00,80,296,376
2012-07-03 21:00:00,36,160,196
2012-07-03 22:00:00,26,151,177
2012-07-03 23:00:00,19,152,171
2012-07-04 00:00:00,19,140,159
2012-07-04 01:00:00,27,96,123
2012-07-04 02:00:00,27,66,93
2012-07-04 03:00:00,9,23,32
2012-07-04 04:00:00,5,11,16
2012-07-04 05:00:00,5,14,19
2012-07-04 06:00:00,9,23,32
2012-07-04 07:00:00,10,62,72
2012-07-04 08:00:00,43,110,153
2012-07-04 09:00:00,90,203,293
2012-07-04 10:00:00,143,304,447
2012-07-04 11:00:00,164,321,485
2012-07-04 12:00:00,164,330,494
2012-07-04 13:00:00,177,322,499
2012-07-04 14:00:00,190,357,547
2012-07-04 15:00:00,155,299,454
2012-07-04 16:00:00,163,226,389
2012-07-04 17:00:00,161,253,414
2012-07-04 18:00:00,159,271,430
2012-07-04 19:00:00,177,255,432
2012-07-04 20:00:00,237,314,551
2012-07-04 21:00:00,222,362,584
2012-07-04 22:00:00,175,327,502
2012-07-04 23:00:00,31,152,183
2012-07-05 00:00:00,17,71,88
2012-07-05 01:00:00,6,24,30
2012-07-05 02:00:00,4,14,18
2012-07-05 03:00:00,2,5,7
2012-07-05 04:00:00,0,7,7
2012-07-05 05:00:00,1,28,29
2012-07-05 06:00:00,3,130,133
2012-07-05 07:00:00,27,316,343
2012-07-05 08:00:00,36,514,550
2012-07-05 09:00:00,47,246,293
2012-07-05 10:00:00,69,117,186
2012-07-05 11:00:00,107,137,244
2012-07-05 12:00:00,88,188,276
2012-07-05 13:00:00,129,181,310
2012-07-05 14:00:00,87,154,241
2012-07-05 15:00:00,71,183,254
2012-07-05 16:00:00,109,324,433
2012-07-05 17:00:00,114,575,689
2012-07-05 18:00:00,96,511,607
2012-07-05 19:00:00,128,375,503
2012-07-05 20:00:00,78,243,321
2012-07-05 21:00:00,91,232,323
2012-07-05 22:00:00,63,162,225
2012-07-05 23:00:00,32,99,131
2012-07-06 00:00:00,39,63,102
2012-07-06 01:00:00,7,22,29
2012-07-06 02:00:00,4,13,17
2012-07-06 03:00:00,1,6,7
2012-07-06 04:00:00,2,4,6
2012-07-06 05:00:00,4,31,35
2012-07-06 06:00:00,4,127,131
2012-07-06 07:00:00,20,333,353
2012-07-06 08:00:00,28,557,585
2012-07-06 09:00:00,55,249,304
2012-07-06 10:00:00,80,130,210
2012-07-06 11:00:00,92,141,233
2012-07-06 12:00:00,111,220,331
2012-07-06 13:00:00,99,194,293
2012-07-06 14:00:00,91,184,275
2012-07-06 15:00:00,79,206,285
2012-07-06 16:00:00,69,300,369
2012-07-06 17:00:00,90,486,576
2012-07-06 18:00:00,106,454,560
2012-07-06 19:00:00,112,306,418
2012-07-06 20:00:00,91,245,336
2012-07-06 21:00:00,77,223,300
2012-07-06 22:00:00,78,210,288
2012-07-06 23:00:00,27,137,164
2012-07-07 00:00:00,35,115,150
2012-07-07 01:00:00,16,55,71
2012-07-07 02:00:00,11,47,58
2012-07-07 03:00:00,12,19,31
2012-07-07 04:00:00,3,13,16
2012-07-07 05:00:00,2,12,14
2012-07-07 06:00:00,4,27,31
2012-07-07 07:00:00,8,63,71
2012-07-07 08:00:00,32,120,152
2012-07-07 09:00:00,69,187,256
2012-07-07 10:00:00,100,225,325
2012-07-07 11:00:00,122,245,367
2012-07-07 12:00:00,124,218,342
2012-07-07 13:00:00,116,244,360
2012-07-07 14:00:00,105,203,308
2012-07-07 15:00:00,113,193,306
2012-07-07 16:00:00,102,192,294
2012-07-07 17:00:00,103,176,279
2012-07-07 18:00:00,83,194,277
2012-07-07 19:00:00,68,219,287
2012-07-07 20:00:00,79,197,276
2012-07-07 21:00:00,51,150,201
2012-07-07 22:00:00,56,164,220
2012-07-07 23:00:00,34,114,148
2012-07-08 00:00:00,22,125,147
2012-07-08 01:00:00,25,99,124
2012-07-08 02:00:00,11,59,70
2012-07-08 03:00:00,1,34,35
2012-07-08 04:00:00,2,11,13
2012-07-08 05:00:00,1,5,6
2012-07-08 06:00:00,5,16,21
2012-07-08 07:00:00,19,33,52
2012-07-08 08:00:00,35,95,130
2012-07-08 09:00:00,70,172,242
2012-07-08 10:00:00,85,234,319
2012-07-08 11:00:00,120,269,389
2012-07-08 12:00:00,105,271,376
2012-07-08 13:00:00,118,219,337
2012-07-08 14:00:00,77,235,312
2012-07-08 15:00:00,80,218,298
2012-07-08 16:00:00,65,226,291
2012-07-08 17:00:00,68,202,270
2012-07-08 18:00:00,54,199,253
2012-07-08 19:00:00,66,184,250
2012-07-08 20:00:00,79,206,285
2012-07-08 21:00:00,58,149,207
2012-07-08 22:00:00,12,110,122
2012-07-08 23:00:00,25,98,123
2012-07-09 00:00:00,6,33,39
2012-07-09 01:00:00,5,13,18
2012-07-09 02:00:00,1,4,5
2012-07-09 03:00:00,0,5,5
2012-07-09 04:00:00,1,1,2
2012-07-09 05:00:00,1,27,28
2012-07-09 06:00:00,6,86,92
2012-07-09 07:00:00,7,223,230
2012-07-09 08:00:00,26,429,455
2012-07-09 09:00:00,38,325,363
2012-07-09 10:00:00,58,117,175
2012-07-09 11:00:00,72,144,216
2012-07-09 12:00:00,61,205,266
2012-07-09 13:00:00,67,188,255
2012-07-09 14:00:00,58,184,242
2012-07-09 15:00:00,66,214,280
2012-07-09 16:00:00,88,325,413
2012-07-09 17:00:00,108,741,849
2012-07-09 18:00:00,82,790,872
2012-07-09 19:00:00,88,543,631
2012-07-09 20:00:00,69,378,447
2012-07-09 21:00:00,33,298,331
2012-07-09 22:00:00,35,189,224
2012-07-09 23:00:00,22,109,131
2012-07-10 00:00:00,16,53,69
2012-07-10 01:00:00,0,15,15
2012-07-10 02:00:00,1,15,16
2012-07-10 03:00:00,0,3,3
2012-07-10 04:00:00,0,4,4
2012-07-10 05:00:00,3,39,42
2012-07-10 06:00:00,4,183,187
2012-07-10 07:00:00,31,489,520
2012-07-10 08:00:00,34,615,649
2012-07-10 09:00:00,47,284,331
2012-07-10 10:00:00,56,134,190
2012-07-10 11:00:00,92,157,249
2012-07-10 12:00:00,69,203,272
2012-07-10 13:00:00,77,203,280
2012-07-10 14:00:00,71,171,242
2012-07-10 15:00:00,77,188,265
2012-07-10 16:00:00,89,346,435
2012-07-10 17:00:00,103,769,872
2012-07-10 18:00:00,70,749,819
2012-07-10 19:00:00,55,359,414
2012-07-10 20:00:00,9,75,84
2012-07-10 21:00:00,7,83,90
2012-07-10 22:00:00,14,125,139
2012-07-10 23:00:00,29,74,103
2012-07-11 00:00:00,6,38,44
2012-07-11 01:00:00,3,11,14
2012-07-11 02:00:00,0,5,5
2012-07-11 03:00:00,0,5,5
2012-07-11 04:00:00,1,6,7
2012-07-11 05:00:00,5,36,41
2012-07-11 06:00:00,17,168,185
2012-07-11 07:00:00,26,471,497
2012-07-11 08:00:00,30,644,674
2012-07-11 09:00:00,30,298,328
2012-07-11 10:00:00,47,148,195
2012-07-11 11:00:00,56,173,229
2012-07-11 12:00:00,69,223,292
2012-07-11 13:00:00,65,208,273
2012-07-11 14:00:00,66,175,241
2012-07-11 15:00:00,56,220,276
2012-07-11 16:00:00,53,358,411
2012-07-11 17:00:00,90,740,830
2012-07-11 18:00:00,79,735,814
2012-07-11 19:00:00,73,560,633
2012-07-11 20:00:00,73,410,483
2012-07-11 21:00:00,69,322,391
2012-07-11 22:00:00,41,203,244
2012-07-11 23:00:00,20,132,152
2012-07-12 00:00:00,1,55,56
2012-07-12 01:00:00,0,21,21
2012-07-12 02:00:00,0,9,9
2012-07-12 03:00:00,0,10,10
2012-07-12 04:00:00,0,5,5
2012-07-12 05:00:00,4,40,44
2012-07-12 06:00:00,7,171,178
2012-07-12 07:00:00,32,480,512
2012-07-12 08:00:00,49,653,702
2012-07-12 09:00:00,42,285,327
2012-07-12 10:00:00,69,145,214
2012-07-12 11:00:00,49,166,215
2012-07-12 12:00:00,71,221,292
2012-07-12 13:00:00,52,225,277
2012-07-12 14:00:00,42,167,209
2012-07-12 15:00:00,63,208,271
2012-07-12 16:00:00,69,370,439
2012-07-12 17:00:00,91,704,795
2012-07-12 18:00:00,86,739,825
2012-07-12 19:00:00,97,532,629
2012-07-12 20:00:00,75,439,514
2012-07-12 21:00:00,44,329,373
2012-07-12 22:00:00,56,262,318
2012-07-12 23:00:00,33,178,211
2012-07-13 00:00:00,19,76,95
2012-07-13 01:00:00,17,42,59
2012-07-13 02:00:00,2,15,17
2012-07-13 03:00:00,2,7,9
2012-07-13 04:00:00,0,11,11
2012-07-13 05:00:00,4,30,34
2012-07-13 06:00:00,7,120,127
2012-07-13 07:00:00,27,353,380
2012-07-13 08:00:00,53,660,713
2012-07-13 09:00:00,70,344,414
2012-07-13 10:00:00,78,190,268
2012-07-13 11:00:00,68,220,288
2012-07-13 12:00:00,125,254,379
2012-07-13 13:00:00,100,274,374
2012-07-13 14:00:00,120,249,369
2012-07-13 15:00:00,92,261,353
2012-07-13 16:00:00,111,381,492
2012-07-13 17:00:00,138,697,835
2012-07-13 18:00:00,108,523,631
2012-07-13 19:00:00,103,385,488
2012-07-13 20:00:00,95,294,389
2012-07-13 21:00:00,76,223,299
2012-07-13 22:00:00,59,204,263
2012-07-13 23:00:00,37,175,212
2012-07-14 00:00:00,35,156,191
2012-07-14 01:00:00,13,105,118
2012-07-14 02:00:00,10,91,101
2012-07-14 03:00:00,9,31,40
2012-07-14 04:00:00,3,6,9
2012-07-14 05:00:00,0,5,5
2012-07-14 06:00:00,6,29,35
2012-07-14 07:00:00,7,41,48
2012-07-14 08:00:00,33,118,151
2012-07-14 09:00:00,82,200,282
2012-07-14 10:00:00,123,278,401
2012-07-14 11:00:00,143,296,439
2012-07-14 12:00:00,181,318,499
2012-07-14 13:00:00,219,372,591
2012-07-14 14:00:00,269,363,632
2012-07-14 15:00:00,243,317,560
2012-07-14 16:00:00,226,340,566
2012-07-14 17:00:00,199,259,458
2012-07-14 18:00:00,108,243,351
2012-07-14 19:00:00,156,275,431
2012-07-14 20:00:00,101,255,356
2012-07-14 21:00:00,69,200,269
2012-07-14 22:00:00,65,160,225
2012-07-14 23:00:00,55,156,211
2012-07-15 00:00:00,40,147,187
2012-07-15 01:00:00,49,119,168
2012-07-15 02:00:00,29,86,115
2012-07-15 03:00:00,15,42,57
2012-07-15 04:00:00,8,11,19
2012-07-15 05:00:00,2,7,9
2012-07-15 06:00:00,6,9,15
2012-07-15 07:00:00,17,30,47
2012-07-15 08:00:00,37,96,133
2012-07-15 09:00:00,58,163,221
2012-07-15 10:00:00,141,241,382
2012-07-15 11:00:00,170,281,451
2012-07-15 12:00:00,153,336,489
2012-07-15 13:00:00,171,309,480
2012-07-15 14:00:00,162,314,476
2012-07-15 15:00:00,182,307,489
2012-07-15 16:00:00,152,343,495
2012-07-15 17:00:00,122,314,436
2012-07-15 18:00:00,84,228,312
2012-07-15 19:00:00,109,203,312
2012-07-15 20:00:00,95,199,294
2012-07-15 21:00:00,59,164,223
2012-07-15 22:00:00,34,96,130
2012-07-15 23:00:00,25,66,91
2012-07-16 00:00:00,11,32,43
2012-07-16 01:00:00,1,10,11
2012-07-16 02:00:00,4,11,15
2012-07-16 03:00:00,2,4,6
2012-07-16 04:00:00,1,11,12
2012-07-16 05:00:00,10,40,50
2012-07-16 06:00:00,8,132,140
2012-07-16 07:00:00,24,459,483
2012-07-16 08:00:00,48,619,667
2012-07-16 09:00:00,51,297,348
2012-07-16 10:00:00,69,117,186
2012-07-16 11:00:00,57,125,182
2012-07-16 12:00:00,79,158,237
2012-07-16 13:00:00,63,176,239
2012-07-16 14:00:00,53,159,212
2012-07-16 15:00:00,61,176,237
2012-07-16 16:00:00,77,309,386
2012-07-16 17:00:00,86,669,755
2012-07-16 18:00:00,97,697,794
2012-07-16 19:00:00,92,503,595
2012-07-16 20:00:00,66,388,454
2012-07-16 21:00:00,45,283,328
2012-07-16 22:00:00,56,228,284
2012-07-16 23:00:00,27,139,166
2012-07-17 00:00:00,10,43,53
2012-07-17 01:00:00,4,21,25
2012-07-17 02:00:00,1,6,7
2012-07-17 03:00:00,0,3,3
2012-07-17 04:00:00,0,7,7
2012-07-17 05:00:00,7,31,38
2012-07-17 06:00:00,16,197,213
2012-07-17 07:00:00,26,500,526
2012-07-17 08:00:00,43,618,661
2012-07-17 09:00:00,32,288,320
2012-07-17 10:00:00,37,122,159
2012-07-17 11:00:00,60,146,206
2012-07-17 12:00:00,80,174,254
2012-07-17 13:00:00,53,168,221
2012-07-17 14:00:00,54,160,214
2012-07-17 15:00:00,57,187,244
2012-07-17 16:00:00,64,317,381
2012-07-17 17:00:00,95,675,770
2012-07-17 18:00:00,60,712,772
2012-07-17 19:00:00,69,478,547
2012-07-17 20:00:00,52,375,427
2012-07-17 21:00:00,50,283,333
2012-07-17 22:00:00,29,215,244
2012-07-17 23:00:00,22,139,161
2012-07-18 00:00:00,8,45,53
2012-07-18 01:00:00,2,14,16
2012-07-18 02:00:00,3,5,8
2012-07-18 03:00:00,2,2,4
2012-07-18 04:00:00,0,6,6
2012-07-18 05:00:00,5,41,46
2012-07-18 06:00:00,10,152,162
2012-07-18 07:00:00,23,472,495
2012-07-18 08:00:00,55,624,679
2012-07-18 09:00:00,44,253,297
2012-07-18 10:00:00,39,99,138
2012-07-18 11:00:00,47,136,183
2012-07-18 12:00:00,36,166,202
2012-07-18 13:00:00,49,154,203
2012-07-18 14:00:00,54,116,170
2012-07-18 15:00:00,42,152,194
2012-07-18 16:00:00,34,190,224
2012-07-18 17:00:00,35,335,370
2012-07-18 18:00:00,63,580,643
2012-07-18 19:00:00,78,438,516
2012-07-18 20:00:00,56,310,366
2012-07-18 21:00:00,53,266,319
2012-07-18 22:00:00,42,246,288
2012-07-18 23:00:00,19,112,131
2012-07-19 00:00:00,16,50,66
2012-07-19 01:00:00,6,19,25
2012-07-19 02:00:00,0,7,7
2012-07-19 03:00:00,1,4,5
2012-07-19 04:00:00,0,8,8
2012-07-19 05:00:00,5,35,40
2012-07-19 06:00:00,8,144,152
2012-07-19 07:00:00,23,450,473
2012-07-19 08:00:00,32,625,657
2012-07-19 09:00:00,36,282,318
2012-07-19 10:00:00,41,157,198
2012-07-19 11:00:00,54,162,216
2012-07-19 12:00:00,59,215,274
2012-07-19 13:00:00,74,180,254
2012-07-19 14:00:00,46,151,197
2012-07-19 15:00:00,66,226,292
2012-07-19 16:00:00,70,288,358
2012-07-19 17:00:00,93,678,771
2012-07-19 18:00:00,93,684,777
2012-07-19 19:00:00,53,480,533
2012-07-19 20:00:00,65,440,505
2012-07-19 21:00:00,38,294,332
2012-07-19 22:00:00,6,62,68
2012-07-19 23:00:00,3,62,65
2012-08-01 00:00:00,3,44,47
2012-08-01 01:00:00,5,28,33
2012-08-01 02:00:00,0,13,13
2012-08-01 03:00:00,0,7,7
2012-08-01 04:00:00,1,3,4
2012-08-01 05:00:00,3,46,49
2012-08-01 06:00:00,6,179,185
2012-08-01 07:00:00,19,468,487
2012-08-01 08:00:00,32,649,681
2012-08-01 09:00:00,34,316,350
2012-08-01 10:00:00,61,175,236
2012-08-01 11:00:00,54,180,234
2012-08-01 12:00:00,75,209,284
2012-08-01 13:00:00,59,221,280
2012-08-01 14:00:00,88,175,263
2012-08-01 15:00:00,89,206,295
2012-08-01 16:00:00,93,386,479
2012-08-01 17:00:00,103,734,837
2012-08-01 18:00:00,105,786,891
2012-08-01 19:00:00,88,564,652
2012-08-01 20:00:00,65,448,513
2012-08-01 21:00:00,36,284,320
2012-08-01 22:00:00,37,251,288
2012-08-01 23:00:00,18,134,152
2012-08-02 00:00:00,8,55,63
2012-08-02 01:00:00,6,36,42
2012-08-02 02:00:00,3,8,11
2012-08-02 03:00:00,0,6,6
2012-08-02 04:00:00,0,9,9
2012-08-02 05:00:00,4,37,41
2012-08-02 06:00:00,6,177,183
2012-08-02 07:00:00,21,452,473
2012-08-02 08:00:00,21,718,739
2012-08-02 09:00:00,31,312,343
2012-08-02 10:00:00,51,130,181
2012-08-02 11:00:00,59,167,226
2012-08-02 12:00:00,56,230,286
2012-08-02 13:00:00,98,212,310
2012-08-02 14:00:00,54,171,225
2012-08-02 15:00:00,68,202,270
2012-08-02 16:00:00,71,335,406
2012-08-02 17:00:00,90,775,865
2012-08-02 18:00:00,86,681,767
2012-08-02 19:00:00,98,509,607
2012-08-02 20:00:00,51,376,427
2012-08-02 21:00:00,41,301,342
2012-08-02 22:00:00,35,227,262
2012-08-02 23:00:00,25,152,177
2012-08-03 00:00:00,15,56,71
2012-08-03 01:00:00,11,32,43
2012-08-03 02:00:00,0,14,14
2012-08-03 03:00:00,1,5,6
2012-08-03 04:00:00,1,11,12
2012-08-03 05:00:00,2,35,37
2012-08-03 06:00:00,5,158,163
2012-08-03 07:00:00,25,396,421
2012-08-03 08:00:00,32,636,668
2012-08-03 09:00:00,69,327,396
2012-08-03 10:00:00,82,167,249
2012-08-03 11:00:00,77,186,263
2012-08-03 12:00:00,95,243,338
2012-08-03 13:00:00,98,247,345
2012-08-03 14:00:00,102,229,331
2012-08-03 15:00:00,112,268,380
2012-08-03 16:00:00,112,380,492
2012-08-03 17:00:00,95,646,741
2012-08-03 18:00:00,98,573,671
2012-08-03 19:00:00,81,388,469
2012-08-03 20:00:00,89,300,389
2012-08-03 21:00:00,54,224,278
2012-08-03 22:00:00,46,156,202
2012-08-03 23:00:00,26,170,196
2012-08-04 00:00:00,24,137,161
2012-08-04 01:00:00,23,99,122
2012-08-04 02:00:00,20,64,84
2012-08-04 03:00:00,11,19,30
2012-08-04 04:00:00,2,11,13
2012-08-04 05:00:00,1,16,17
2012-08-04 06:00:00,12,37,49
2012-08-04 07:00:00,18,49,67
2012-08-04 08:00:00,49,132,181
2012-08-04 09:00:00,61,217,278
2012-08-04 10:00:00,108,288,396
2012-08-04 11:00:00,155,315,470
2012-08-04 12:00:00,222,325,547
2012-08-04 13:00:00,195,332,527
2012-08-04 14:00:00,183,289,472
2012-08-04 15:00:00,205,284,489
2012-08-04 16:00:00,197,253,450
2012-08-04 17:00:00,179,313,492
2012-08-04 18:00:00,169,321,490
2012-08-04 19:00:00,133,264,397
2012-08-04 20:00:00,117,195,312
2012-08-04 21:00:00,96,193,289
2012-08-04 22:00:00,104,165,269
2012-08-04 23:00:00,61,161,222
2012-08-05 00:00:00,32,121,153
2012-08-05 01:00:00,8,79,87
2012-08-05 02:00:00,5,68,73
2012-08-05 03:00:00,9,32,41
2012-08-05 04:00:00,3,11,14
2012-08-05 05:00:00,1,18,19
2012-08-05 06:00:00,7,12,19
2012-08-05 07:00:00,18,50,68
2012-08-05 08:00:00,27,81,108
2012-08-05 09:00:00,61,168,229
2012-08-05 10:00:00,111,253,364
2012-08-05 11:00:00,155,282,437
2012-08-05 12:00:00,161,330,491
2012-08-05 13:00:00,208,315,523
2012-08-05 14:00:00,161,365,526
2012-08-05 15:00:00,164,286,450
2012-08-05 16:00:00,143,278,421
2012-08-05 17:00:00,122,260,382
2012-08-05 18:00:00,75,154,229
2012-08-05 19:00:00,46,139,185
2012-08-05 20:00:00,53,140,193
2012-08-05 21:00:00,51,157,208
2012-08-05 22:00:00,57,100,157
2012-08-05 23:00:00,29,58,87
2012-08-06 00:00:00,9,24,33
2012-08-06 01:00:00,1,10,11
2012-08-06 02:00:00,0,5,5
2012-08-06 03:00:00,0,5,5
2012-08-06 04:00:00,3,8,11
2012-08-06 05:00:00,2,23,25
2012-08-06 06:00:00,4,137,141
2012-08-06 07:00:00,14,393,407
2012-08-06 08:00:00,27,578,605
2012-08-06 09:00:00,28,248,276
2012-08-06 10:00:00,54,159,213
2012-08-06 11:00:00,108,152,260
2012-08-06 12:00:00,72,213,285
2012-08-06 13:00:00,85,204,289
2012-08-06 14:00:00,99,188,287
2012-08-06 15:00:00,91,183,274
2012-08-06 16:00:00,88,363,451
2012-08-06 17:00:00,112,746,858
2012-08-06 18:00:00,100,743,843
2012-08-06 19:00:00,109,531,640
2012-08-06 20:00:00,89,368,457
2012-08-06 21:00:00,72,245,317
2012-08-06 22:00:00,50,157,207
2012-08-06 23:00:00,16,97,113
2012-08-07 00:00:00,15,32,47
2012-08-07 01:00:00,2,16,18
2012-08-07 02:00:00,6,7,13
2012-08-07 03:00:00,0,6,6
2012-08-07 04:00:00,2,7,9
2012-08-07 05:00:00,3,33,36
2012-08-07 06:00:00,3,176,179
2012-08-07 07:00:00,21,481,502
2012-08-07 08:00:00,41,664,705
2012-08-07 09:00:00,44,283,327
2012-08-07 10:00:00,89,161,250
2012-08-07 11:00:00,84,130,214
2012-08-07 12:00:00,86,197,283
2012-08-07 13:00:00,68,185,253
2012-08-07 14:00:00,76,185,261
2012-08-07 15:00:00,100,206,306
2012-08-07 16:00:00,101,344,445
2012-08-07 17:00:00,125,743,868
2012-08-07 18:00:00,103,711,814
2012-08-07 19:00:00,104,506,610
2012-08-07 20:00:00,74,374,448
2012-08-07 21:00:00,70,247,317
2012-08-07 22:00:00,43,181,224
2012-08-07 23:00:00,18,120,138
2012-08-08 00:00:00,12,46,58
2012-08-08 01:00:00,3,20,23
2012-08-08 02:00:00,1,5,6
2012-08-08 03:00:00,1,6,7
2012-08-08 04:00:00,1,6,7
2012-08-08 05:00:00,3,40,43
2012-08-08 06:00:00,4,169,173
2012-08-08 07:00:00,24,458,482
2012-08-08 08:00:00,48,689,737
2012-08-08 09:00:00,33,308,341
2012-08-08 10:00:00,63,151,214
2012-08-08 11:00:00,80,159,239
2012-08-08 12:00:00,63,217,280
2012-08-08 13:00:00,101,212,313
2012-08-08 14:00:00,63,173,236
2012-08-08 15:00:00,110,168,278
2012-08-08 16:00:00,113,328,441
2012-08-08 17:00:00,107,751,858
2012-08-08 18:00:00,117,745,862
2012-08-08 19:00:00,119,567,686
2012-08-08 20:00:00,76,424,500
2012-08-08 21:00:00,70,311,381
2012-08-08 22:00:00,35,198,233
2012-08-08 23:00:00,16,120,136
2012-08-09 00:00:00,16,51,67
2012-08-09 01:00:00,5,23,28
2012-08-09 02:00:00,2,12,14
2012-08-09 03:00:00,1,5,6
2012-08-09 04:00:00,0,10,10
2012-08-09 05:00:00,4,37,41
2012-08-09 06:00:00,5,162,167
2012-08-09 07:00:00,24,451,475
2012-08-09 08:00:00,28,670,698
2012-08-09 09:00:00,54,299,353
2012-08-09 10:00:00,72,133,205
2012-08-09 11:00:00,94,166,260
2012-08-09 12:00:00,85,192,277
2012-08-09 13:00:00,80,201,281
2012-08-09 14:00:00,86,161,247
2012-08-09 15:00:00,63,204,267
2012-08-09 16:00:00,97,320,417
2012-08-09 17:00:00,111,699,810
2012-08-09 18:00:00,78,733,811
2012-08-09 19:00:00,90,533,623
2012-08-09 20:00:00,91,387,478
2012-08-09 21:00:00,50,286,336
2012-08-09 22:00:00,41,218,259
2012-08-09 23:00:00,19,137,156
2012-08-10 00:00:00,17,68,85
2012-08-10 01:00:00,6,35,41
2012-08-10 02:00:00,6,14,20
2012-08-10 03:00:00,3,6,9
2012-08-10 04:00:00,0,7,7
2012-08-10 05:00:00,4,29,33
2012-08-10 06:00:00,3,41,44
2012-08-10 07:00:00,5,128,133
2012-08-10 08:00:00,7,112,119
2012-08-10 09:00:00,21,199,220
2012-08-10 10:00:00,27,166,193
2012-08-10 11:00:00,73,178,251
2012-08-10 12:00:00,75,240,315
2012-08-10 13:00:00,66,224,290
2012-08-10 14:00:00,71,236,307
2012-08-10 15:00:00,100,224,324
2012-08-10 16:00:00,96,371,467
2012-08-10 17:00:00,111,619,730
2012-08-10 18:00:00,88,552,640
2012-08-10 19:00:00,98,394,492
2012-08-10 20:00:00,55,315,370
2012-08-10 21:00:00,50,236,286
2012-08-10 22:00:00,50,168,218
2012-08-10 23:00:00,33,159,192
2012-08-11 00:00:00,38,142,180
2012-08-11 01:00:00,32,84,116
2012-08-11 02:00:00,19,66,85
2012-08-11 03:00:00,2,19,21
2012-08-11 04:00:00,3,7,10
2012-08-11 05:00:00,2,9,11
2012-08-11 06:00:00,5,18,23
2012-08-11 07:00:00,8,54,62
2012-08-11 08:00:00,30,132,162
2012-08-11 09:00:00,54,217,271
2012-08-11 10:00:00,125,282,407
2012-08-11 11:00:00,203,296,499
2012-08-11 12:00:00,214,332,546
2012-08-11 13:00:00,228,341,569
2012-08-11 14:00:00,248,290,538
2012-08-11 15:00:00,246,316,562
2012-08-11 16:00:00,227,304,531
2012-08-11 17:00:00,220,292,512
2012-08-11 18:00:00,107,193,300
2012-08-11 19:00:00,97,178,275
2012-08-11 20:00:00,31,129,160
2012-08-11 21:00:00,26,102,128
2012-08-11 22:00:00,40,128,168
2012-08-11 23:00:00,42,121,163
2012-08-12 00:00:00,24,96,120
2012-08-12 01:00:00,21,92,113
2012-08-12 02:00:00,19,67,86
2012-08-12 03:00:00,11,37,48
2012-08-12 04:00:00,2,8,10
2012-08-12 05:00:00,1,9,10
2012-08-12 06:00:00,2,14,16
2012-08-12 07:00:00,9,30,39
2012-08-12 08:00:00,35,84,119
2012-08-12 09:00:00,64,153,217
2012-08-12 10:00:00,88,240,328
2012-08-12 11:00:00,167,282,449
2012-08-12 12:00:00,163,342,505
2012-08-12 13:00:00,178,365,543
2012-08-12 14:00:00,213,366,579
2012-08-12 15:00:00,235,342,577
2012-08-12 16:00:00,213,300,513
2012-08-12 17:00:00,186,319,505
2012-08-12 18:00:00,164,327,491
2012-08-12 19:00:00,148,317,465
2012-08-12 20:00:00,96,204,300
2012-08-12 21:00:00,78,142,220
2012-08-12 22:00:00,40,141,181
2012-08-12 23:00:00,25,85,110
2012-08-13 00:00:00,14,33,47
2012-08-13 01:00:00,3,11,14
2012-08-13 02:00:00,1,8,9
2012-08-13 03:00:00,1,5,6
2012-08-13 04:00:00,0,11,11
2012-08-13 05:00:00,3,33,36
2012-08-13 06:00:00,4,155,159
2012-08-13 07:00:00,11,425,436
2012-08-13 08:00:00,25,648,673
2012-08-13 09:00:00,40,265,305
2012-08-13 10:00:00,88,111,199
2012-08-13 11:00:00,94,151,245
2012-08-13 12:00:00,96,180,276
2012-08-13 13:00:00,79,175,254
2012-08-13 14:00:00,85,163,248
2012-08-13 15:00:00,80,194,274
2012-08-13 16:00:00,116,348,464
2012-08-13 17:00:00,102,716,818
2012-08-13 18:00:00,103,709,812
2012-08-13 19:00:00,88,467,555
2012-08-13 20:00:00,58,374,432
2012-08-13 21:00:00,44,246,290
2012-08-13 22:00:00,44,148,192
2012-08-13 23:00:00,28,100,128
2012-08-14 00:00:00,12,48,60
2012-08-14 01:00:00,8,19,27
2012-08-14 02:00:00,2,9,11
2012-08-14 03:00:00,0,3,3
2012-08-14 04:00:00,0,5,5
2012-08-14 05:00:00,1,35,36
2012-08-14 06:00:00,1,63,64
2012-08-14 07:00:00,1,178,179
2012-08-14 08:00:00,27,591,618
2012-08-14 09:00:00,48,354,402
2012-08-14 10:00:00,53,155,208
2012-08-14 11:00:00,69,127,196
2012-08-14 12:00:00,93,207,300
2012-08-14 13:00:00,83,203,286
2012-08-14 14:00:00,80,175,255
2012-08-14 15:00:00,84,199,283
2012-08-14 16:00:00,95,363,458
2012-08-14 17:00:00,78,734,812
2012-08-14 18:00:00,97,757,854
2012-08-14 19:00:00,94,533,627
2012-08-14 20:00:00,65,371,436
2012-08-14 21:00:00,56,252,308
2012-08-14 22:00:00,28,161,189
2012-08-14 23:00:00,53,114,167
2012-08-15 00:00:00,8,52,60
2012-08-15 01:00:00,6,31,37
2012-08-15 02:00:00,1,7,8
2012-08-15 03:00:00,1,10,11
2012-08-15 04:00:00,0,4,4
2012-08-15 05:00:00,4,35,39
2012-08-15 06:00:00,12,160,172
2012-08-15 07:00:00,25,467,492
2012-08-15 08:00:00,40,642,682
2012-08-15 09:00:00,57,310,367
2012-08-15 10:00:00,70,163,233
2012-08-15 11:00:00,80,155,235
2012-08-15 12:00:00,77,230,307
2012-08-15 13:00:00,88,206,294
2012-08-15 14:00:00,94,161,255
2012-08-15 15:00:00,70,196,266
2012-08-15 16:00:00,91,340,431
2012-08-15 17:00:00,102,749,851
2012-08-15 18:00:00,80,768,848
2012-08-15 19:00:00,124,525,649
2012-08-15 20:00:00,72,355,427
2012-08-15 21:00:00,49,266,315
2012-08-15 22:00:00,29,197,226
2012-08-15 23:00:00,18,120,138
2012-08-16 00:00:00,13,63,76
2012-08-16 01:00:00,3,18,21
2012-08-16 02:00:00,0,15,15
2012-08-16 03:00:00,0,4,4
2012-08-16 04:00:00,2,3,5
2012-08-16 05:00:00,7,30,37
2012-08-16 06:00:00,3,162,165
2012-08-16 07:00:00,16,448,464
2012-08-16 08:00:00,33,649,682
2012-08-16 09:00:00,41,296,337
2012-08-16 10:00:00,78,121,199
2012-08-16 11:00:00,83,191,274
2012-08-16 12:00:00,96,247,343
2012-08-16 13:00:00,81,219,300
2012-08-16 14:00:00,72,176,248
2012-08-16 15:00:00,63,197,260
2012-08-16 16:00:00,79,340,419
2012-08-16 17:00:00,130,767,897
2012-08-16 18:00:00,109,723,832
2012-08-16 19:00:00,119,558,677
2012-08-16 20:00:00,100,414,514
2012-08-16 21:00:00,83,273,356
2012-08-16 22:00:00,69,185,254
2012-08-16 23:00:00,58,168,226
2012-08-17 00:00:00,21,67,88
2012-08-17 01:00:00,16,38,54
2012-08-17 02:00:00,4,15,19
2012-08-17 03:00:00,0,6,6
2012-08-17 04:00:00,0,9,9
2012-08-17 05:00:00,2,34,36
2012-08-17 06:00:00,6,151,157
2012-08-17 07:00:00,11,368,379
2012-08-17 08:00:00,43,625,668
2012-08-17 09:00:00,58,320,378
2012-08-17 10:00:00,82,149,231
2012-08-17 11:00:00,98,205,303
2012-08-17 12:00:00,110,255,365
2012-08-17 13:00:00,103,254,357
2012-08-17 14:00:00,128,200,328
2012-08-17 15:00:00,127,256,383
2012-08-17 16:00:00,116,372,488
2012-08-17 17:00:00,144,647,791
2012-08-17 18:00:00,108,561,669
2012-08-17 19:00:00,88,403,491
2012-08-17 20:00:00,97,262,359
2012-08-17 21:00:00,57,198,255
2012-08-17 22:00:00,43,170,213
2012-08-17 23:00:00,21,100,121
2012-08-18 00:00:00,6,99,105
2012-08-18 01:00:00,14,78,92
2012-08-18 02:00:00,4,39,43
2012-08-18 03:00:00,7,23,30
2012-08-18 04:00:00,5,8,13
2012-08-18 05:00:00,2,7,9
2012-08-18 06:00:00,4,23,27
2012-08-18 07:00:00,12,52,64
2012-08-18 08:00:00,28,161,189
2012-08-18 09:00:00,81,211,292
2012-08-18 10:00:00,166,314,480
2012-08-18 11:00:00,180,356,536
2012-08-18 12:00:00,266,388,654
2012-08-18 13:00:00,289,355,644
2012-08-18 14:00:00,242,356,598
2012-08-18 15:00:00,250,346,596
2012-08-18 16:00:00,287,354,641
2012-08-18 17:00:00,256,379,635
2012-08-18 18:00:00,225,329,554
2012-08-18 19:00:00,164,324,488
2012-08-18 20:00:00,99,242,341
2012-08-18 21:00:00,90,248,338
2012-08-18 22:00:00,90,171,261
2012-08-18 23:00:00,60,175,235
2012-08-19 00:00:00,44,143,187
2012-08-19 01:00:00,29,102,131
2012-08-19 02:00:00,16,103,119
2012-08-19 03:00:00,21,34,55
2012-08-19 04:00:00,4,22,26
2012-08-19 05:00:00,3,8,11
2012-08-19 06:00:00,5,15,20
2012-08-19 07:00:00,12,29,41
2012-08-19 08:00:00,34,90,124
2012-08-19 09:00:00,86,184,270
2012-08-19 10:00:00,138,287,425
2012-08-19 11:00:00,83,189,272
2012-08-19 12:00:00,112,186,298
2012-08-19 13:00:00,50,112,162
2012-08-19 14:00:00,41,108,149
2012-08-19 15:00:00,89,187,276
2012-08-19 16:00:00,97,259,356
2012-08-19 17:00:00,76,267,343
2012-08-19 18:00:00,86,291,377
2012-08-19 19:00:00,72,269,341
2012-08-19 20:00:00,61,213,274
2012-08-19 21:00:00,36,154,190
2012-08-19 22:00:00,6,50,56
2012-08-19 23:00:00,7,39,46
2012-09-01 00:00:00,22,146,168
2012-09-01 01:00:00,11,68,79
2012-09-01 02:00:00,8,61,69
2012-09-01 03:00:00,6,29,35
2012-09-01 04:00:00,3,9,12
2012-09-01 05:00:00,2,20,22
2012-09-01 06:00:00,13,23,36
2012-09-01 07:00:00,8,58,66
2012-09-01 08:00:00,28,134,162
2012-09-01 09:00:00,62,175,237
2012-09-01 10:00:00,128,289,417
2012-09-01 11:00:00,219,273,492
2012-09-01 12:00:00,187,284,471
2012-09-01 13:00:00,237,267,504
2012-09-01 14:00:00,240,274,514
2012-09-01 15:00:00,257,306,563
2012-09-01 16:00:00,209,253,462
2012-09-01 17:00:00,205,258,463
2012-09-01 18:00:00,184,258,442
2012-09-01 19:00:00,157,235,392
2012-09-01 20:00:00,67,140,207
2012-09-01 21:00:00,21,83,104
2012-09-01 22:00:00,21,57,78
2012-09-01 23:00:00,57,88,145
2012-09-02 00:00:00,27,72,99
2012-09-02 01:00:00,15,58,73
2012-09-02 02:00:00,28,56,84
2012-09-02 03:00:00,9,33,42
2012-09-02 04:00:00,7,15,22
2012-09-02 05:00:00,2,10,12
2012-09-02 06:00:00,2,13,15
2012-09-02 07:00:00,13,29,42
2012-09-02 08:00:00,30,99,129
2012-09-02 09:00:00,88,144,232
2012-09-02 10:00:00,158,230,388
2012-09-02 11:00:00,226,263,489
2012-09-02 12:00:00,248,297,545
2012-09-02 13:00:00,263,230,493
2012-09-02 14:00:00,249,208,457
2012-09-02 15:00:00,179,176,355
2012-09-02 16:00:00,222,252,474
2012-09-02 17:00:00,219,284,503
2012-09-02 18:00:00,227,273,500
2012-09-02 19:00:00,140,152,292
2012-09-02 20:00:00,63,41,104
2012-09-02 21:00:00,79,92,171
2012-09-02 22:00:00,66,100,166
2012-09-02 23:00:00,53,70,123
2012-09-03 00:00:00,42,62,104
2012-09-03 01:00:00,18,37,55
2012-09-03 02:00:00,10,30,40
2012-09-03 03:00:00,6,22,28
2012-09-03 04:00:00,6,5,11
2012-09-03 05:00:00,1,3,4
2012-09-03 06:00:00,3,12,15
2012-09-03 07:00:00,6,37,43
2012-09-03 08:00:00,36,91,127
2012-09-03 09:00:00,71,158,229
2012-09-03 10:00:00,135,224,359
2012-09-03 11:00:00,187,272,459
2012-09-03 12:00:00,191,352,543
2012-09-03 13:00:00,209,357,566
2012-09-03 14:00:00,163,349,512
2012-09-03 15:00:00,168,281,449
2012-09-03 16:00:00,165,335,500
2012-09-03 17:00:00,181,317,498
2012-09-03 18:00:00,145,337,482
2012-09-03 19:00:00,73,301,374
2012-09-03 20:00:00,78,183,261
2012-09-03 21:00:00,42,142,184
2012-09-03 22:00:00,17,104,121
2012-09-03 23:00:00,12,58,70
2012-09-04 00:00:00,10,19,29
2012-09-04 01:00:00,15,9,24
2012-09-04 02:00:00,1,4,5
2012-09-04 03:00:00,1,9,10
2012-09-04 04:00:00,0,8,8
2012-09-04 05:00:00,1,37,38
2012-09-04 06:00:00,7,165,172
2012-09-04 07:00:00,13,480,493
2012-09-04 08:00:00,15,617,632
2012-09-04 09:00:00,30,293,323
2012-09-04 10:00:00,42,130,172
2012-09-04 11:00:00,39,159,198
2012-09-04 12:00:00,54,233,287
2012-09-04 13:00:00,72,203,275
2012-09-04 14:00:00,72,202,274
2012-09-04 15:00:00,68,224,292
2012-09-04 16:00:00,61,397,458
2012-09-04 17:00:00,110,746,856
2012-09-04 18:00:00,94,745,839
2012-09-04 19:00:00,50,502,552
2012-09-04 20:00:00,47,338,385
2012-09-04 21:00:00,28,240,268
2012-09-04 22:00:00,25,154,179
2012-09-04 23:00:00,12,83,95
2012-09-05 00:00:00,10,27,37
2012-09-05 01:00:00,2,11,13
2012-09-05 02:00:00,0,9,9
2012-09-05 03:00:00,0,4,4
2012-09-05 04:00:00,2,3,5
2012-09-05 05:00:00,1,39,40
2012-09-05 06:00:00,7,203,210
2012-09-05 07:00:00,11,489,500
2012-09-05 08:00:00,33,692,725
2012-09-05 09:00:00,27,263,290
2012-09-05 10:00:00,54,181,235
2012-09-05 11:00:00,61,156,217
2012-09-05 12:00:00,49,217,266
2012-09-05 13:00:00,50,184,234
2012-09-05 14:00:00,34,177,211
2012-09-05 15:00:00,41,204,245
2012-09-05 16:00:00,86,344,430
2012-09-05 17:00:00,83,780,863
2012-09-05 18:00:00,82,757,839
2012-09-05 19:00:00,64,598,662
2012-09-05 20:00:00,55,357,412
2012-09-05 21:00:00,18,278,296
2012-09-05 22:00:00,38,181,219
2012-09-05 23:00:00,24,126,150
2012-09-06 00:00:00,30,35,65
2012-09-06 01:00:00,2,16,18
2012-09-06 02:00:00,1,7,8
2012-09-06 03:00:00,0,9,9
2012-09-06 04:00:00,0,8,8
2012-09-06 05:00:00,3,35,38
2012-09-06 06:00:00,11,189,200
2012-09-06 07:00:00,21,461,482
2012-09-06 08:00:00,24,622,646
2012-09-06 09:00:00,8,115,123
2012-09-06 10:00:00,9,40,49
2012-09-06 11:00:00,10,52,62
2012-09-06 12:00:00,11,126,137
2012-09-06 13:00:00,39,152,191
2012-09-06 14:00:00,38,178,216
2012-09-06 15:00:00,42,228,270
2012-09-06 16:00:00,42,374,416
2012-09-06 17:00:00,67,741,808
2012-09-06 18:00:00,74,761,835
2012-09-06 19:00:00,54,504,558
2012-09-06 20:00:00,50,356,406
2012-09-06 21:00:00,32,240,272
2012-09-06 22:00:00,24,193,217
2012-09-06 23:00:00,19,150,169
2012-09-07 00:00:00,17,79,96
2012-09-07 01:00:00,10,19,29
2012-09-07 02:00:00,1,10,11
2012-09-07 03:00:00,0,9,9
2012-09-07 04:00:00,1,7,8
2012-09-07 05:00:00,1,39,40
2012-09-07 06:00:00,5,135,140
2012-09-07 07:00:00,21,465,486
2012-09-07 08:00:00,29,690,719
2012-09-07 09:00:00,33,311,344
2012-09-07 10:00:00,53,171,224
2012-09-07 11:00:00,81,215,296
2012-09-07 12:00:00,76,247,323
2012-09-07 13:00:00,71,283,354
2012-09-07 14:00:00,66,187,253
2012-09-07 15:00:00,66,265,331
2012-09-07 16:00:00,75,395,470
2012-09-07 17:00:00,88,684,772
2012-09-07 18:00:00,95,697,792
2012-09-07 19:00:00,70,498,568
2012-09-07 20:00:00,51,340,391
2012-09-07 21:00:00,55,246,301
2012-09-07 22:00:00,52,247,299
2012-09-07 23:00:00,28,220,248
2012-09-08 00:00:00,20,130,150
2012-09-08 01:00:00,10,107,117
2012-09-08 02:00:00,9,68,77
2012-09-08 03:00:00,3,40,43
2012-09-08 04:00:00,3,8,11
2012-09-08 05:00:00,2,13,15
2012-09-08 06:00:00,8,26,34
2012-09-08 07:00:00,11,71,82
2012-09-08 08:00:00,33,197,230
2012-09-08 09:00:00,87,261,348
2012-09-08 10:00:00,100,322,422
2012-09-08 11:00:00,173,405,578
2012-09-08 12:00:00,220,474,694
2012-09-08 13:00:00,233,435,668
2012-09-08 14:00:00,260,366,626
2012-09-08 15:00:00,175,337,512
2012-09-08 16:00:00,19,95,114
2012-09-08 17:00:00,52,119,171
2012-09-08 18:00:00,27,140,167
2012-09-08 19:00:00,28,187,215
2012-09-08 20:00:00,28,166,194
2012-09-08 21:00:00,26,155,181
2012-09-08 22:00:00,18,176,194
2012-09-08 23:00:00,12,121,133
2012-09-09 00:00:00,18,106,124
2012-09-09 01:00:00,20,104,124
2012-09-09 02:00:00,15,81,96
2012-09-09 03:00:00,14,32,46
2012-09-09 04:00:00,12,16,28
2012-09-09 05:00:00,16,39,55
2012-09-09 06:00:00,11,24,35
2012-09-09 07:00:00,20,50,70
2012-09-09 08:00:00,27,143,170
2012-09-09 09:00:00,85,214,299
2012-09-09 10:00:00,172,323,495
2012-09-09 11:00:00,194,391,585
2012-09-09 12:00:00,247,510,757
2012-09-09 13:00:00,238,491,729
2012-09-09 14:00:00,232,415,647
2012-09-09 15:00:00,284,412,696
2012-09-09 16:00:00,228,473,701
2012-09-09 17:00:00,213,458,671
2012-09-09 18:00:00,156,404,560
2012-09-09 19:00:00,134,362,496
2012-09-09 20:00:00,91,265,356
2012-09-09 21:00:00,57,149,206
2012-09-09 22:00:00,64,125,189
2012-09-09 23:00:00,22,70,92
2012-09-10 00:00:00,6,35,41
2012-09-10 01:00:00,7,11,18
2012-09-10 02:00:00,11,6,17
2012-09-10 03:00:00,5,7,12
2012-09-10 04:00:00,1,4,5
2012-09-10 05:00:00,4,36,40
2012-09-10 06:00:00,8,172,180
2012-09-10 07:00:00,20,427,447
2012-09-10 08:00:00,33,697,730
2012-09-10 09:00:00,40,321,361
2012-09-10 10:00:00,42,168,210
2012-09-10 11:00:00,69,167,236
2012-09-10 12:00:00,76,256,332
2012-09-10 13:00:00,72,251,323
2012-09-10 14:00:00,107,233,340
2012-09-10 15:00:00,115,231,346
2012-09-10 16:00:00,108,380,488
2012-09-10 17:00:00,127,744,871
2012-09-10 18:00:00,111,857,968
2012-09-10 19:00:00,71,562,633
2012-09-10 20:00:00,34,356,390
2012-09-10 21:00:00,29,256,285
2012-09-10 22:00:00,15,144,159
2012-09-10 23:00:00,7,86,93
2012-09-11 00:00:00,5,27,32
2012-09-11 01:00:00,0,10,10
2012-09-11 02:00:00,1,5,6
2012-09-11 03:00:00,1,7,8
2012-09-11 04:00:00,1,8,9
2012-09-11 05:00:00,3,41,44
2012-09-11 06:00:00,11,200,211
2012-09-11 07:00:00,24,572,596
2012-09-11 08:00:00,48,702,750
2012-09-11 09:00:00,35,323,358
2012-09-11 10:00:00,54,142,196
2012-09-11 11:00:00,60,187,247
2012-09-11 12:00:00,62,254,316
2012-09-11 13:00:00,72,256,328
2012-09-11 14:00:00,74,181,255
2012-09-11 15:00:00,73,253,326
2012-09-11 16:00:00,99,437,536
2012-09-11 17:00:00,168,802,970
2012-09-11 18:00:00,110,767,877
2012-09-11 19:00:00,56,540,596
2012-09-11 20:00:00,40,421,461
2012-09-11 21:00:00,28,282,310
2012-09-11 22:00:00,27,189,216
2012-09-11 23:00:00,18,91,109
2012-09-12 00:00:00,8,41,49
2012-09-12 01:00:00,2,19,21
2012-09-12 02:00:00,2,9,11
2012-09-12 03:00:00,0,7,7
2012-09-12 04:00:00,0,5,5
2012-09-12 05:00:00,4,44,48
2012-09-12 06:00:00,6,199,205
2012-09-12 07:00:00,24,533,557
2012-09-12 08:00:00,43,727,770
2012-09-12 09:00:00,50,278,328
2012-09-12 10:00:00,57,148,205
2012-09-12 11:00:00,51,181,232
2012-09-12 12:00:00,88,264,352
2012-09-12 13:00:00,85,238,323
2012-09-12 14:00:00,78,200,278
2012-09-12 15:00:00,75,243,318
2012-09-12 16:00:00,90,419,509
2012-09-12 17:00:00,114,811,925
2012-09-12 18:00:00,91,886,977
2012-09-12 19:00:00,78,557,635
2012-09-12 20:00:00,38,432,470
2012-09-12 21:00:00,27,279,306
2012-09-12 22:00:00,23,189,212
2012-09-12 23:00:00,16,111,127
2012-09-13 00:00:00,11,46,57
2012-09-13 01:00:00,6,22,28
2012-09-13 02:00:00,0,9,9
2012-09-13 03:00:00,2,9,11
2012-09-13 04:00:00,0,6,6
2012-09-13 05:00:00,3,54,57
2012-09-13 06:00:00,9,186,195
2012-09-13 07:00:00,22,549,571
2012-09-13 08:00:00,33,725,758
2012-09-13 09:00:00,46,292,338
2012-09-13 10:00:00,63,149,212
2012-09-13 11:00:00,71,183,254
2012-09-13 12:00:00,57,240,297
2012-09-13 13:00:00,60,223,283
2012-09-13 14:00:00,60,214,274
2012-09-13 15:00:00,99,253,352
2012-09-13 16:00:00,85,406,491
2012-09-13 17:00:00,97,787,884
2012-09-13 18:00:00,108,744,852
2012-09-13 19:00:00,80,594,674
2012-09-13 20:00:00,55,408,463
2012-09-13 21:00:00,26,291,317
2012-09-13 22:00:00,28,223,251
2012-09-13 23:00:00,33,137,170
2012-09-14 00:00:00,24,63,87
2012-09-14 01:00:00,6,35,41
2012-09-14 02:00:00,7,23,30
2012-09-14 03:00:00,5,9,14
2012-09-14 04:00:00,1,11,12
2012-09-14 05:00:00,1,40,41
2012-09-14 06:00:00,8,144,152
2012-09-14 07:00:00,17,437,454
2012-09-14 08:00:00,51,715,766
2012-09-14 09:00:00,46,301,347
2012-09-14 10:00:00,75,171,246
2012-09-14 11:00:00,84,196,280
2012-09-14 12:00:00,119,290,409
2012-09-14 13:00:00,107,301,408
2012-09-14 14:00:00,113,258,371
2012-09-14 15:00:00,94,273,367
2012-09-14 16:00:00,109,454,563
2012-09-14 17:00:00,137,757,894
2012-09-14 18:00:00,116,692,808
2012-09-14 19:00:00,83,496,579
2012-09-14 20:00:00,67,337,404
2012-09-14 21:00:00,42,270,312
2012-09-14 22:00:00,40,189,229
2012-09-14 23:00:00,27,168,195
2012-09-15 00:00:00,38,169,207
2012-09-15 01:00:00,8,101,109
2012-09-15 02:00:00,18,75,93
2012-09-15 03:00:00,6,31,37
2012-09-15 04:00:00,3,3,6
2012-09-15 05:00:00,1,15,16
2012-09-15 06:00:00,6,27,33
2012-09-15 07:00:00,10,63,73
2012-09-15 08:00:00,43,169,212
2012-09-15 09:00:00,79,263,342
2012-09-15 10:00:00,119,323,442
2012-09-15 11:00:00,228,399,627
2012-09-15 12:00:00,287,419,706
2012-09-15 13:00:00,327,377,704
2012-09-15 14:00:00,325,390,715
2012-09-15 15:00:00,312,342,654
2012-09-15 16:00:00,350,433,783
2012-09-15 17:00:00,295,434,729
2012-09-15 18:00:00,232,382,614
2012-09-15 19:00:00,169,309,478
2012-09-15 20:00:00,89,241,330
2012-09-15 21:00:00,86,210,296
2012-09-15 22:00:00,82,197,279
2012-09-15 23:00:00,47,182,229
2012-09-16 00:00:00,28,123,151
2012-09-16 01:00:00,35,82,117
2012-09-16 02:00:00,27,62,89
2012-09-16 03:00:00,10,38,48
2012-09-16 04:00:00,2,6,8
2012-09-16 05:00:00,3,10,13
2012-09-16 06:00:00,9,26,35
2012-09-16 07:00:00,28,43,71
2012-09-16 08:00:00,34,94,128
2012-09-16 09:00:00,70,226,296
2012-09-16 10:00:00,160,330,490
2012-09-16 11:00:00,183,376,559
2012-09-16 12:00:00,188,468,656
2012-09-16 13:00:00,240,454,694
2012-09-16 14:00:00,225,410,635
2012-09-16 15:00:00,215,342,557
2012-09-16 16:00:00,194,402,596
2012-09-16 17:00:00,177,393,570
2012-09-16 18:00:00,120,361,481
2012-09-16 19:00:00,91,312,403
2012-09-16 20:00:00,57,267,324
2012-09-16 21:00:00,43,148,191
2012-09-16 22:00:00,18,109,127
2012-09-16 23:00:00,9,85,94
2012-09-17 00:00:00,14,31,45
2012-09-17 01:00:00,9,12,21
2012-09-17 02:00:00,5,8,13
2012-09-17 03:00:00,0,7,7
2012-09-17 04:00:00,2,9,11
2012-09-17 05:00:00,1,44,45
2012-09-17 06:00:00,7,157,164
2012-09-17 07:00:00,18,474,492
2012-09-17 08:00:00,36,647,683
2012-09-17 09:00:00,34,265,299
2012-09-17 10:00:00,73,129,202
2012-09-17 11:00:00,61,191,252
2012-09-17 12:00:00,62,233,295
2012-09-17 13:00:00,112,231,343
2012-09-17 14:00:00,129,203,332
2012-09-17 15:00:00,82,256,338
2012-09-17 16:00:00,74,379,453
2012-09-17 17:00:00,102,740,842
2012-09-17 18:00:00,66,708,774
2012-09-17 19:00:00,51,435,486
2012-09-17 20:00:00,32,308,340
2012-09-17 21:00:00,28,205,233
2012-09-17 22:00:00,20,109,129
2012-09-17 23:00:00,4,66,70
2012-09-18 00:00:00,2,11,13
2012-09-18 01:00:00,0,5,5
2012-09-18 02:00:00,0,4,4
2012-09-18 03:00:00,0,6,6
2012-09-18 04:00:00,2,5,7
2012-09-18 05:00:00,3,45,48
2012-09-18 06:00:00,4,163,167
2012-09-18 07:00:00,13,343,356
2012-09-18 08:00:00,32,640,672
2012-09-18 09:00:00,27,266,293
2012-09-18 10:00:00,30,130,160
2012-09-18 11:00:00,36,115,151
2012-09-18 12:00:00,16,72,88
2012-09-18 13:00:00,17,97,114
2012-09-18 14:00:00,27,116,143
2012-09-18 15:00:00,1,35,36
2012-09-18 16:00:00,19,122,141
2012-09-18 17:00:00,36,302,338
2012-09-18 18:00:00,19,262,281
2012-09-18 19:00:00,22,302,324
2012-09-18 20:00:00,19,271,290
2012-09-18 21:00:00,21,186,207
2012-09-18 22:00:00,14,137,151
2012-09-18 23:00:00,11,67,78
2012-09-19 00:00:00,3,23,26
2012-09-19 01:00:00,0,12,12
2012-09-19 02:00:00,0,3,3
2012-09-19 03:00:00,1,4,5
2012-09-19 04:00:00,0,10,10
2012-09-19 05:00:00,2,54,56
2012-09-19 06:00:00,6,166,172
2012-09-19 07:00:00,16,529,545
2012-09-19 08:00:00,39,758,797
2012-09-19 09:00:00,26,336,362
2012-09-19 10:00:00,23,169,192
2012-09-19 11:00:00,44,203,247
2012-09-19 12:00:00,53,260,313
2012-09-19 13:00:00,55,234,289
2012-09-19 14:00:00,59,227,286
2012-09-19 15:00:00,57,254,311
2012-09-19 16:00:00,69,397,466
2012-09-19 17:00:00,74,812,886
2012-09-19 18:00:00,85,807,892
2012-09-19 19:00:00,72,539,611
2012-09-19 20:00:00,31,378,409
2012-09-19 21:00:00,25,324,349
2012-09-19 22:00:00,31,198,229
2012-09-19 23:00:00,17,106,123
2012-10-01 00:00:00,6,39,45
2012-10-01 01:00:00,5,13,18
2012-10-01 02:00:00,6,6,12
2012-10-01 03:00:00,1,6,7
2012-10-01 04:00:00,0,10,10
2012-10-01 05:00:00,2,34,36
2012-10-01 06:00:00,8,147,155
2012-10-01 07:00:00,13,470,483
2012-10-01 08:00:00,40,744,784
2012-10-01 09:00:00,26,314,340
2012-10-01 10:00:00,44,135,179
2012-10-01 11:00:00,76,196,272
2012-10-01 12:00:00,61,262,323
2012-10-01 13:00:00,80,225,305
2012-10-01 14:00:00,51,193,244
2012-10-01 15:00:00,95,234,329
2012-10-01 16:00:00,51,408,459
2012-10-01 17:00:00,65,791,856
2012-10-01 18:00:00,42,571,613
2012-10-01 19:00:00,33,483,516
2012-10-01 20:00:00,11,251,262
2012-10-01 21:00:00,13,205,218
2012-10-01 22:00:00,17,190,207
2012-10-01 23:00:00,17,88,105
2012-10-02 00:00:00,1,30,31
2012-10-02 01:00:00,0,11,11
2012-10-02 02:00:00,0,2,2
2012-10-02 03:00:00,1,4,5
2012-10-02 04:00:00,2,8,10
2012-10-02 05:00:00,1,42,43
2012-10-02 06:00:00,3,176,179
2012-10-02 07:00:00,4,256,260
2012-10-02 08:00:00,6,128,134
2012-10-02 09:00:00,3,83,86
2012-10-02 10:00:00,3,42,45
2012-10-02 11:00:00,7,92,99
2012-10-02 12:00:00,6,98,104
2012-10-02 13:00:00,6,148,154
2012-10-02 14:00:00,16,147,163
2012-10-02 15:00:00,14,195,209
2012-10-02 16:00:00,46,328,374
2012-10-02 17:00:00,38,677,715
2012-10-02 18:00:00,48,639,687
2012-10-02 19:00:00,27,368,395
2012-10-02 20:00:00,20,286,306
2012-10-02 21:00:00,24,265,289
2012-10-02 22:00:00,28,212,240
2012-10-02 23:00:00,11,87,98
2012-10-03 00:00:00,5,47,52
2012-10-03 01:00:00,3,16,19
2012-10-03 02:00:00,2,7,9
2012-10-03 03:00:00,0,7,7
2012-10-03 04:00:00,2,9,11
2012-10-03 05:00:00,2,32,34
2012-10-03 06:00:00,4,173,177
2012-10-03 07:00:00,11,504,515
2012-10-03 08:00:00,28,781,809
2012-10-03 09:00:00,30,332,362
2012-10-03 10:00:00,29,146,175
2012-10-03 11:00:00,52,178,230
2012-10-03 12:00:00,69,289,358
2012-10-03 13:00:00,55,224,279
2012-10-03 14:00:00,56,195,251
2012-10-03 15:00:00,59,260,319
2012-10-03 16:00:00,42,436,478
2012-10-03 17:00:00,84,833,917
2012-10-03 18:00:00,54,756,810
2012-10-03 19:00:00,49,544,593
2012-10-03 20:00:00,48,449,497
2012-10-03 21:00:00,14,195,209
2012-10-03 22:00:00,9,232,241
2012-10-03 23:00:00,21,199,220
2012-10-04 00:00:00,11,65,76
2012-10-04 01:00:00,2,23,25
2012-10-04 02:00:00,3,10,13
2012-10-04 03:00:00,5,6,11
2012-10-04 04:00:00,0,10,10
2012-10-04 05:00:00,2,37,39
2012-10-04 06:00:00,1,132,133
2012-10-04 07:00:00,12,379,391
2012-10-04 08:00:00,27,711,738
2012-10-04 09:00:00,40,319,359
2012-10-04 10:00:00,27,150,177
2012-10-04 11:00:00,38,176,214
2012-10-04 12:00:00,57,231,288
2012-10-04 13:00:00,63,231,294
2012-10-04 14:00:00,56,211,267
2012-10-04 15:00:00,77,248,325
2012-10-04 16:00:00,86,411,497
2012-10-04 17:00:00,112,789,901
2012-10-04 18:00:00,75,812,887
2012-10-04 19:00:00,67,467,534
2012-10-04 20:00:00,50,391,441
2012-10-04 21:00:00,33,288,321
2012-10-04 22:00:00,29,203,232
2012-10-04 23:00:00,18,137,155
2012-10-05 00:00:00,16,86,102
2012-10-05 01:00:00,3,43,46
2012-10-05 02:00:00,1,10,11
2012-10-05 03:00:00,5,11,16
2012-10-05 04:00:00,0,11,11
2012-10-05 05:00:00,0,41,41
2012-10-05 06:00:00,4,133,137
2012-10-05 07:00:00,11,417,428
2012-10-05 08:00:00,36,749,785
2012-10-05 09:00:00,58,326,384
2012-10-05 10:00:00,68,192,260
2012-10-05 11:00:00,90,214,304
2012-10-05 12:00:00,161,307,468
2012-10-05 13:00:00,117,307,424
2012-10-05 14:00:00,113,287,400
2012-10-05 15:00:00,150,320,470
2012-10-05 16:00:00,153,481,634
2012-10-05 17:00:00,158,742,900
2012-10-05 18:00:00,106,655,761
2012-10-05 19:00:00,67,433,500
2012-10-05 20:00:00,66,306,372
2012-10-05 21:00:00,47,220,267
2012-10-05 22:00:00,63,201,264
2012-10-05 23:00:00,23,148,171
2012-10-06 00:00:00,37,154,191
2012-10-06 01:00:00,25,116,141
2012-10-06 02:00:00,13,62,75
2012-10-06 03:00:00,2,54,56
2012-10-06 04:00:00,4,7,11
2012-10-06 05:00:00,2,8,10
2012-10-06 06:00:00,2,28,30
2012-10-06 07:00:00,13,71,84
2012-10-06 08:00:00,22,184,206
2012-10-06 09:00:00,130,265,395
2012-10-06 10:00:00,198,341,539
2012-10-06 11:00:00,258,389,647
2012-10-06 12:00:00,362,381,743
2012-10-06 13:00:00,310,400,710
2012-10-06 14:00:00,269,307,576
2012-10-06 15:00:00,279,341,620
2012-10-06 16:00:00,317,342,659
2012-10-06 17:00:00,268,342,610
2012-10-06 18:00:00,183,312,495
2012-10-06 19:00:00,102,239,341
2012-10-06 20:00:00,75,172,247
2012-10-06 21:00:00,78,137,215
2012-10-06 22:00:00,45,140,185
2012-10-06 23:00:00,37,142,179
2012-10-07 00:00:00,28,99,127
2012-10-07 01:00:00,29,80,109
2012-10-07 02:00:00,10,64,74
2012-10-07 03:00:00,5,17,22
2012-10-07 04:00:00,5,6,11
2012-10-07 05:00:00,2,8,10
2012-10-07 06:00:00,4,19,23
2012-10-07 07:00:00,6,29,35
2012-10-07 08:00:00,11,51,62
2012-10-07 09:00:00,16,70,86
2012-10-07 10:00:00,41,144,185
2012-10-07 11:00:00,76,260,336
2012-10-07 12:00:00,100,292,392
2012-10-07 13:00:00,80,240,320
2012-10-07 14:00:00,71,243,314
2012-10-07 15:00:00,74,232,306
2012-10-07 16:00:00,87,246,333
2012-10-07 17:00:00,35,122,157
2012-10-07 18:00:00,24,82,106
2012-10-07 19:00:00,17,97,114
2012-10-07 20:00:00,19,97,116
2012-10-07 21:00:00,22,91,113
2012-10-07 22:00:00,7,72,79
2012-10-07 23:00:00,12,68,80
2012-10-08 00:00:00,7,44,51
2012-10-08 01:00:00,2,35,37
2012-10-08 02:00:00,3,12,15
2012-10-08 03:00:00,2,8,10
2012-10-08 04:00:00,1,6,7
2012-10-08 05:00:00,2,17,19
2012-10-08 06:00:00,5,54,59
2012-10-08 07:00:00,3,151,154
2012-10-08 08:00:00,23,374,397
2012-10-08 09:00:00,59,273,332
2012-10-08 10:00:00,69,229,298
2012-10-08 11:00:00,72,236,308
2012-10-08 12:00:00,74,267,341
2012-10-08 13:00:00,82,323,405
2012-10-08 14:00:00,121,299,420
2012-10-08 15:00:00,76,294,370
2012-10-08 16:00:00,61,316,377
2012-10-08 17:00:00,81,416,497
2012-10-08 18:00:00,41,415,456
2012-10-08 19:00:00,38,333,371
2012-10-08 20:00:00,20,207,227
2012-10-08 21:00:00,17,134,151
2012-10-08 22:00:00,6,101,107
2012-10-08 23:00:00,9,60,69
2012-10-09 00:00:00,9,22,31
2012-10-09 01:00:00,0,13,13
2012-10-09 02:00:00,2,5,7
2012-10-09 03:00:00,0,3,3
2012-10-09 04:00:00,1,6,7
2012-10-09 05:00:00,0,19,19
2012-10-09 06:00:00,2,141,143
2012-10-09 07:00:00,5,357,362
2012-10-09 08:00:00,15,698,713
2012-10-09 09:00:00,37,345,382
2012-10-09 10:00:00,33,131,164
2012-10-09 11:00:00,37,156,193
2012-10-09 12:00:00,43,217,260
2012-10-09 13:00:00,54,184,238
2012-10-09 14:00:00,43,201,244
2012-10-09 15:00:00,59,195,254
2012-10-09 16:00:00,70,354,424
2012-10-09 17:00:00,73,733,806
2012-10-09 18:00:00,26,758,784
2012-10-09 19:00:00,31,483,514
2012-10-09 20:00:00,30,330,360
2012-10-09 21:00:00,16,209,225
2012-10-09 22:00:00,7,155,162
2012-10-09 23:00:00,8,76,84
2012-10-10 00:00:00,0,33,33
2012-10-10 01:00:00,2,6,8
2012-10-10 02:00:00,2,6,8
2012-10-10 03:00:00,0,6,6
2012-10-10 04:00:00,0,6,6
2012-10-10 05:00:00,2,38,40
2012-10-10 06:00:00,3,172,175
2012-10-10 07:00:00,9,498,507
2012-10-10 08:00:00,33,806,839
2012-10-10 09:00:00,35,331,366
2012-10-10 10:00:00,27,190,217
2012-10-10 11:00:00,53,238,291
2012-10-10 12:00:00,78,312,390
2012-10-10 13:00:00,60,237,297
2012-10-10 14:00:00,63,208,271
2012-10-10 15:00:00,58,261,319
2012-10-10 16:00:00,92,474,566
2012-10-10 17:00:00,91,857,948
2012-10-10 18:00:00,57,787,844
2012-10-10 19:00:00,32,534,566
2012-10-10 20:00:00,21,371,392
2012-10-10 21:00:00,18,251,269
2012-10-10 22:00:00,27,170,197
2012-10-10 23:00:00,17,119,136
2012-10-11 00:00:00,1,41,42
2012-10-11 01:00:00,1,10,11
2012-10-11 02:00:00,4,7,11
2012-10-11 03:00:00,0,3,3
2012-10-11 04:00:00,0,10,10
2012-10-11 05:00:00,0,42,42
2012-10-11 06:00:00,1,158,159
2012-10-11 07:00:00,11,467,478
2012-10-11 08:00:00,25,773,798
2012-10-11 09:00:00,27,328,355
2012-10-11 10:00:00,39,165,204
2012-10-11 11:00:00,76,175,251
2012-10-11 12:00:00,47,279,326
2012-10-11 13:00:00,48,243,291
2012-10-11 14:00:00,78,270,348
2012-10-11 15:00:00,102,358,460
2012-10-11 16:00:00,68,413,481
2012-10-11 17:00:00,90,737,827
2012-10-11 18:00:00,64,628,692
2012-10-11 19:00:00,81,662,743
2012-10-11 20:00:00,27,388,415
2012-10-11 21:00:00,24,236,260
2012-10-11 22:00:00,10,167,177
2012-10-11 23:00:00,10,176,186
2012-10-12 00:00:00,8,60,68
2012-10-12 01:00:00,8,29,37
2012-10-12 02:00:00,0,16,16
2012-10-12 03:00:00,0,6,6
2012-10-12 04:00:00,0,8,8
2012-10-12 05:00:00,2,33,35
2012-10-12 06:00:00,3,140,143
2012-10-12 07:00:00,8,384,392
2012-10-12 08:00:00,34,711,745
2012-10-12 09:00:00,26,374,400
2012-10-12 10:00:00,75,200,275
2012-10-12 11:00:00,61,252,313
2012-10-12 12:00:00,75,312,387
2012-10-12 13:00:00,81,300,381
2012-10-12 14:00:00,109,262,371
2012-10-12 15:00:00,138,317,455
2012-10-12 16:00:00,108,412,520
2012-10-12 17:00:00,131,706,837
2012-10-12 18:00:00,76,566,642
2012-10-12 19:00:00,40,453,493
2012-10-12 20:00:00,28,280,308
2012-10-12 21:00:00,21,169,190
2012-10-12 22:00:00,17,143,160
2012-10-12 23:00:00,11,89,100
2012-10-13 00:00:00,31,218,249
2012-10-13 01:00:00,23,123,146
2012-10-13 02:00:00,7,60,67
2012-10-13 03:00:00,2,13,15
2012-10-13 04:00:00,2,9,11
2012-10-13 05:00:00,0,11,11
2012-10-13 06:00:00,5,23,28
2012-10-13 07:00:00,10,60,70
2012-10-13 08:00:00,23,151,174
2012-10-13 09:00:00,46,220,266
2012-10-13 10:00:00,82,265,347
2012-10-13 11:00:00,192,335,527
2012-10-13 12:00:00,202,371,573
2012-10-13 13:00:00,235,435,670
2012-10-13 14:00:00,243,354,597
2012-10-13 15:00:00,251,364,615
2012-10-13 16:00:00,294,343,637
2012-10-13 17:00:00,193,335,528
2012-10-13 18:00:00,174,299,473
2012-10-13 19:00:00,73,259,332
2012-10-13 20:00:00,57,198,255
2012-10-13 21:00:00,47,157,204
2012-10-13 22:00:00,33,156,189
2012-10-13 23:00:00,27,98,125
2012-10-14 00:00:00,8,103,111
2012-10-14 01:00:00,16,96,112
2012-10-14 02:00:00,8,58,66
2012-10-14 03:00:00,3,25,28
2012-10-14 04:00:00,2,10,12
2012-10-14 05:00:00,5,6,11
2012-10-14 06:00:00,4,20,24
2012-10-14 07:00:00,7,44,51
2012-10-14 08:00:00,28,104,132
2012-10-14 09:00:00,62,161,223
2012-10-14 10:00:00,150,278,428
2012-10-14 11:00:00,156,338,494
2012-10-14 12:00:00,200,362,562
2012-10-14 13:00:00,218,401,619
2012-10-14 14:00:00,249,368,617
2012-10-14 15:00:00,213,355,568
2012-10-14 16:00:00,203,378,581
2012-10-14 17:00:00,193,346,539
2012-10-14 18:00:00,134,319,453
2012-10-14 19:00:00,68,268,336
2012-10-14 20:00:00,48,198,246
2012-10-14 21:00:00,40,156,196
2012-10-14 22:00:00,38,87,125
2012-10-14 23:00:00,27,78,105
2012-10-15 00:00:00,17,31,48
2012-10-15 01:00:00,5,24,29
2012-10-15 02:00:00,1,5,6
2012-10-15 03:00:00,2,2,4
2012-10-15 04:00:00,1,9,10
2012-10-15 05:00:00,2,38,40
2012-10-15 06:00:00,6,141,147
2012-10-15 07:00:00,15,461,476
2012-10-15 08:00:00,24,713,737
2012-10-15 09:00:00,31,328,359
2012-10-15 10:00:00,43,125,168
2012-10-15 11:00:00,88,175,263
2012-10-15 12:00:00,73,211,284
2012-10-15 13:00:00,37,109,146
2012-10-15 14:00:00,57,128,185
2012-10-15 15:00:00,70,190,260
2012-10-15 16:00:00,76,371,447
2012-10-15 17:00:00,96,670,766
2012-10-15 18:00:00,52,540,592
2012-10-15 19:00:00,12,227,239
2012-10-15 20:00:00,19,237,256
2012-10-15 21:00:00,16,190,206
2012-10-15 22:00:00,8,118,126
2012-10-15 23:00:00,9,72,81
2012-10-16 00:00:00,3,45,48
2012-10-16 01:00:00,4,9,13
2012-10-16 02:00:00,2,1,3
2012-10-16 03:00:00,0,2,2
2012-10-16 04:00:00,0,7,7
2012-10-16 05:00:00,5,47,52
2012-10-16 06:00:00,4,168,172
2012-10-16 07:00:00,20,505,525
2012-10-16 08:00:00,35,800,835
2012-10-16 09:00:00,32,323,355
2012-10-16 10:00:00,65,157,222
2012-10-16 11:00:00,56,172,228
2012-10-16 12:00:00,69,256,325
2012-10-16 13:00:00,68,260,328
2012-10-16 14:00:00,94,214,308
2012-10-16 15:00:00,76,270,346
2012-10-16 16:00:00,79,367,446
2012-10-16 17:00:00,104,839,943
2012-10-16 18:00:00,71,767,838
2012-10-16 19:00:00,40,491,531
2012-10-16 20:00:00,35,397,432
2012-10-16 21:00:00,19,176,195
2012-10-16 22:00:00,18,163,181
2012-10-16 23:00:00,23,176,199
2012-10-17 00:00:00,1,48,49
2012-10-17 01:00:00,3,14,17
2012-10-17 02:00:00,4,12,16
2012-10-17 03:00:00,0,7,7
2012-10-17 04:00:00,0,4,4
2012-10-17 05:00:00,2,39,41
2012-10-17 06:00:00,7,171,178
2012-10-17 07:00:00,15,449,464
2012-10-17 08:00:00,38,779,817
2012-10-17 09:00:00,38,344,382
2012-10-17 10:00:00,60,168,228
2012-10-17 11:00:00,78,156,234
2012-10-17 12:00:00,71,261,332
2012-10-17 13:00:00,73,237,310
2012-10-17 14:00:00,82,188,270
2012-10-17 15:00:00,62,239,301
2012-10-17 16:00:00,70,396,466
2012-10-17 17:00:00,122,766,888
2012-10-17 18:00:00,90,794,884
2012-10-17 19:00:00,49,467,516
2012-10-17 20:00:00,54,360,414
2012-10-17 21:00:00,28,301,329
2012-10-17 22:00:00,17,198,215
2012-10-17 23:00:00,15,84,99
2012-10-18 00:00:00,4,53,57
2012-10-18 01:00:00,0,14,14
2012-10-18 02:00:00,1,13,14
2012-10-18 03:00:00,0,5,5
2012-10-18 04:00:00,0,5,5
2012-10-18 05:00:00,1,41,42
2012-10-18 06:00:00,3,150,153
2012-10-18 07:00:00,20,488,508
2012-10-18 08:00:00,31,803,834
2012-10-18 09:00:00,41,346,387
2012-10-18 10:00:00,60,158,218
2012-10-18 11:00:00,79,189,268
2012-10-18 12:00:00,93,284,377
2012-10-18 13:00:00,96,236,332
2012-10-18 14:00:00,94,191,285
2012-10-18 15:00:00,69,284,353
2012-10-18 16:00:00,94,356,450
2012-10-18 17:00:00,102,788,890
2012-10-18 18:00:00,68,720,788
2012-10-18 19:00:00,42,471,513
2012-10-18 20:00:00,39,348,387
2012-10-18 21:00:00,38,245,283
2012-10-18 22:00:00,27,202,229
2012-10-18 23:00:00,6,111,117
2012-10-19 00:00:00,5,51,56
2012-10-19 01:00:00,4,12,16
2012-10-19 02:00:00,1,9,10
2012-10-19 03:00:00,0,5,5
2012-10-19 04:00:00,1,5,6
2012-10-19 05:00:00,1,35,36
2012-10-19 06:00:00,5,126,131
2012-10-19 07:00:00,5,149,154
2012-10-19 08:00:00,20,447,467
2012-10-19 09:00:00,26,363,389
2012-10-19 10:00:00,26,198,224
2012-10-19 11:00:00,41,211,252
2012-10-19 12:00:00,74,258,332
2012-10-19 13:00:00,87,288,375
2012-10-19 14:00:00,88,277,365
2012-10-19 15:00:00,93,302,395
2012-10-19 16:00:00,131,434,565
2012-10-19 17:00:00,48,377,425
2012-10-19 18:00:00,21,212,233
2012-10-19 19:00:00,19,213,232
2012-10-19 20:00:00,13,216,229
2012-10-19 21:00:00,17,189,206
2012-10-19 22:00:00,14,176,190
2012-10-19 23:00:00,13,118,131
2012-11-01 00:00:00,8,52,60
2012-11-01 01:00:00,8,22,30
2012-11-01 02:00:00,10,10,20
2012-11-01 03:00:00,5,10,15
2012-11-01 04:00:00,2,8,10
2012-11-01 05:00:00,1,39,40
2012-11-01 06:00:00,2,146,148
2012-11-01 07:00:00,6,414,420
2012-11-01 08:00:00,12,668,680
2012-11-01 09:00:00,21,310,331
2012-11-01 10:00:00,13,133,146
2012-11-01 11:00:00,14,156,170
2012-11-01 12:00:00,23,198,221
2012-11-01 13:00:00,49,199,248
2012-11-01 14:00:00,31,154,185
2012-11-01 15:00:00,35,179,214
2012-11-01 16:00:00,31,313,344
2012-11-01 17:00:00,37,652,689
2012-11-01 18:00:00,50,628,678
2012-11-01 19:00:00,28,424,452
2012-11-01 20:00:00,16,280,296
2012-11-01 21:00:00,29,238,267
2012-11-01 22:00:00,27,175,202
2012-11-01 23:00:00,8,112,120
2012-11-02 00:00:00,10,40,50
2012-11-02 01:00:00,5,19,24
2012-11-02 02:00:00,3,7,10
2012-11-02 03:00:00,0,3,3
2012-11-02 04:00:00,1,6,7
2012-11-02 05:00:00,1,25,26
2012-11-02 06:00:00,2,120,122
2012-11-02 07:00:00,8,349,357
2012-11-02 08:00:00,31,656,687
2012-11-02 09:00:00,27,355,382
2012-11-02 10:00:00,21,183,204
2012-11-02 11:00:00,42,179,221
2012-11-02 12:00:00,52,240,292
2012-11-02 13:00:00,64,230,294
2012-11-02 14:00:00,63,199,262
2012-11-02 15:00:00,51,255,306
2012-11-02 16:00:00,48,373,421
2012-11-02 17:00:00,57,581,638
2012-11-02 18:00:00,32,490,522
2012-11-02 19:00:00,38,336,374
2012-11-02 20:00:00,14,207,221
2012-11-02 21:00:00,23,133,156
2012-11-02 22:00:00,14,135,149
2012-11-02 23:00:00,11,108,119
2012-11-03 00:00:00,9,99,108
2012-11-03 01:00:00,6,83,89
2012-11-03 02:00:00,10,36,46
2012-11-03 03:00:00,6,22,28
2012-11-03 04:00:00,8,8,16
2012-11-03 05:00:00,1,8,9
2012-11-03 06:00:00,4,17,21
2012-11-03 07:00:00,1,58,59
2012-11-03 08:00:00,10,132,142
2012-11-03 09:00:00,31,188,219
2012-11-03 10:00:00,68,260,328
2012-11-03 11:00:00,56,284,340
2012-11-03 12:00:00,74,320,394
2012-11-03 13:00:00,110,339,449
2012-11-03 14:00:00,136,319,455
2012-11-03 15:00:00,117,331,448
2012-11-03 16:00:00,108,292,400
2012-11-03 17:00:00,112,298,410
2012-11-03 18:00:00,58,239,297
2012-11-03 19:00:00,22,217,239
2012-11-03 20:00:00,23,158,181
2012-11-03 21:00:00,31,135,166
2012-11-03 22:00:00,13,133,146
2012-11-03 23:00:00,15,133,148
2012-11-04 00:00:00,5,97,102
2012-11-04 01:00:00,26,139,165
2012-11-04 02:00:00,6,31,37
2012-11-04 03:00:00,1,10,11
2012-11-04 04:00:00,2,7,9
2012-11-04 05:00:00,0,5,5
2012-11-04 06:00:00,2,14,16
2012-11-04 07:00:00,11,39,50
2012-11-04 08:00:00,34,115,149
2012-11-04 09:00:00,56,161,217
2012-11-04 10:00:00,73,287,360
2012-11-04 11:00:00,134,311,445
2012-11-04 12:00:00,150,354,504
2012-11-04 13:00:00,122,371,493
2012-11-04 14:00:00,149,360,509
2012-11-04 15:00:00,149,300,449
2012-11-04 16:00:00,119,316,435
2012-11-04 17:00:00,57,270,327
2012-11-04 18:00:00,31,206,237
2012-11-04 19:00:00,24,203,227
2012-11-04 20:00:00,7,134,141
2012-11-04 21:00:00,16,71,87
2012-11-04 22:00:00,15,64,79
2012-11-04 23:00:00,12,41,53
2012-11-05 00:00:00,3,20,23
2012-11-05 01:00:00,0,8,8
2012-11-05 02:00:00,2,4,6
2012-11-05 03:00:00,1,3,4
2012-11-05 04:00:00,5,11,16
2012-11-05 05:00:00,1,38,39
2012-11-05 06:00:00,4,135,139
2012-11-05 07:00:00,8,453,461
2012-11-05 08:00:00,19,629,648
2012-11-05 09:00:00,18,239,257
2012-11-05 10:00:00,30,112,142
2012-11-05 11:00:00,31,119,150
2012-11-05 12:00:00,38,206,244
2012-11-05 13:00:00,39,183,222
2012-11-05 14:00:00,31,165,196
2012-11-05 15:00:00,24,207,231
2012-11-05 16:00:00,35,325,360
2012-11-05 17:00:00,34,604,638
2012-11-05 18:00:00,19,523,542
2012-11-05 19:00:00,11,361,372
2012-11-05 20:00:00,13,228,241
2012-11-05 21:00:00,8,144,152
2012-11-05 22:00:00,4,111,115
2012-11-05 23:00:00,0,53,53
2012-11-06 00:00:00,1,18,19
2012-11-06 01:00:00,0,8,8
2012-11-06 02:00:00,0,2,2
2012-11-06 03:00:00,0,4,4
2012-11-06 04:00:00,0,7,7
2012-11-06 05:00:00,1,40,41
2012-11-06 06:00:00,6,143,149
2012-11-06 07:00:00,9,378,387
2012-11-06 08:00:00,20,568,588
2012-11-06 09:00:00,25,338,363
2012-11-06 10:00:00,41,189,230
2012-11-06 11:00:00,39,177,216
2012-11-06 12:00:00,31,217,248
2012-11-06 13:00:00,46,232,278
2012-11-06 14:00:00,44,196,240
2012-11-06 15:00:00,45,227,272
2012-11-06 16:00:00,33,369,402
2012-11-06 17:00:00,30,597,627
2012-11-06 18:00:00,20,477,497
2012-11-06 19:00:00,15,356,371
2012-11-06 20:00:00,10,218,228
2012-11-06 21:00:00,14,137,151
2012-11-06 22:00:00,17,136,153
2012-11-06 23:00:00,19,186,205
2012-11-07 00:00:00,49,234,283
2012-11-07 01:00:00,6,86,92
2012-11-07 02:00:00,6,68,74
2012-11-07 03:00:00,2,9,11
2012-11-07 04:00:00,0,9,9
2012-11-07 05:00:00,0,27,27
2012-11-07 06:00:00,3,115,118
2012-11-07 07:00:00,5,314,319
2012-11-07 08:00:00,18,583,601
2012-11-07 09:00:00,17,351,368
2012-11-07 10:00:00,27,151,178
2012-11-07 11:00:00,15,132,147
2012-11-07 12:00:00,24,188,212
2012-11-07 13:00:00,23,158,181
2012-11-07 14:00:00,19,142,161
2012-11-07 15:00:00,20,178,198
2012-11-07 16:00:00,23,250,273
2012-11-07 17:00:00,16,501,517
2012-11-07 18:00:00,17,448,465
2012-11-07 19:00:00,17,302,319
2012-11-07 20:00:00,7,249,256
2012-11-07 21:00:00,5,121,126
2012-11-07 22:00:00,4,56,60
2012-11-07 23:00:00,3,37,40
2012-11-08 00:00:00,1,14,15
2012-11-08 01:00:00,1,11,12
2012-11-08 02:00:00,1,5,6
2012-11-08 04:00:00,1,9,10
2012-11-08 05:00:00,0,35,35
2012-11-08 06:00:00,2,122,124
2012-11-08 07:00:00,12,411,423
2012-11-08 08:00:00,16,652,668
2012-11-08 09:00:00,22,253,275
2012-11-08 10:00:00,13,148,161
2012-11-08 11:00:00,16,155,171
2012-11-08 12:00:00,33,202,235
2012-11-08 13:00:00,33,195,228
2012-11-08 14:00:00,33,149,182
2012-11-08 15:00:00,32,201,233
2012-11-08 16:00:00,18,321,339
2012-11-08 17:00:00,36,556,592
2012-11-08 18:00:00,16,491,507
2012-11-08 19:00:00,14,359,373
2012-11-08 20:00:00,10,235,245
2012-11-08 21:00:00,11,222,233
2012-11-08 22:00:00,14,147,161
2012-11-08 23:00:00,5,82,87
2012-11-09 00:00:00,9,46,55
2012-11-09 01:00:00,3,17,20
2012-11-09 02:00:00,1,11,12
2012-11-09 03:00:00,3,6,9
2012-11-09 04:00:00,0,14,14
2012-11-09 05:00:00,2,25,27
2012-11-09 06:00:00,5,126,131
2012-11-09 07:00:00,9,332,341
2012-11-09 08:00:00,25,668,693
2012-11-09 09:00:00,23,304,327
2012-11-09 10:00:00,34,163,197
2012-11-09 11:00:00,66,185,251
2012-11-09 12:00:00,48,214,262
2012-11-09 13:00:00,62,237,299
2012-11-09 14:00:00,67,207,274
2012-11-09 15:00:00,78,278,356
2012-11-09 16:00:00,57,377,434
2012-11-09 17:00:00,61,593,654
2012-11-09 18:00:00,46,450,496
2012-11-09 19:00:00,30,331,361
2012-11-09 20:00:00,20,235,255
2012-11-09 21:00:00,23,176,199
2012-11-09 22:00:00,17,146,163
2012-11-09 23:00:00,20,142,162
2012-11-10 00:00:00,16,106,122
2012-11-10 01:00:00,8,68,76
2012-11-10 02:00:00,2,42,44
2012-11-10 03:00:00,9,11,20
2012-11-10 04:00:00,2,4,6
2012-11-10 05:00:00,1,9,10
2012-11-10 06:00:00,5,11,16
2012-11-10 07:00:00,14,57,71
2012-11-10 08:00:00,16,130,146
2012-11-10 09:00:00,43,216,259
2012-11-10 10:00:00,86,264,350
2012-11-10 11:00:00,143,323,466
2012-11-10 12:00:00,258,348,606
2012-11-10 13:00:00,268,383,651
2012-11-10 14:00:00,280,347,627
2012-11-10 15:00:00,216,351,567
2012-11-10 16:00:00,227,378,605
2012-11-10 17:00:00,183,318,501
2012-11-10 18:00:00,103,256,359
2012-11-10 19:00:00,55,228,283
2012-11-10 20:00:00,39,153,192
2012-11-10 21:00:00,51,169,220
2012-11-10 22:00:00,39,154,193
2012-11-10 23:00:00,26,120,146
2012-11-11 00:00:00,14,110,124
2012-11-11 01:00:00,26,82,108
2012-11-11 02:00:00,12,58,70
2012-11-11 03:00:00,9,39,48
2012-11-11 04:00:00,5,6,11
2012-11-11 05:00:00,0,12,12
2012-11-11 06:00:00,3,16,19
2012-11-11 07:00:00,12,56,68
2012-11-11 08:00:00,32,87,119
2012-11-11 09:00:00,94,179,273
2012-11-11 10:00:00,133,272,405
2012-11-11 11:00:00,180,324,504
2012-11-11 12:00:00,195,390,585
2012-11-11 13:00:00,262,424,686
2012-11-11 14:00:00,292,362,654
2012-11-11 15:00:00,304,420,724
2012-11-11 16:00:00,260,393,653
2012-11-11 17:00:00,151,342,493
2012-11-11 18:00:00,102,303,405
2012-11-11 19:00:00,69,208,277
2012-11-11 20:00:00,54,146,200
2012-11-11 21:00:00,44,127,171
2012-11-11 22:00:00,21,113,134
2012-11-11 23:00:00,16,93,109
2012-11-12 00:00:00,6,43,49
2012-11-12 01:00:00,4,26,30
2012-11-12 02:00:00,6,14,20
2012-11-12 03:00:00,1,3,4
2012-11-12 04:00:00,1,3,4
2012-11-12 05:00:00,1,23,24
2012-11-12 06:00:00,7,64,71
2012-11-12 07:00:00,16,248,264
2012-11-12 08:00:00,50,490,540
2012-11-12 09:00:00,60,337,397
2012-11-12 10:00:00,82,184,266
2012-11-12 11:00:00,112,255,367
2012-11-12 12:00:00,105,314,419
2012-11-12 13:00:00,108,312,420
2012-11-12 14:00:00,134,310,444
2012-11-12 15:00:00,102,280,382
2012-11-12 16:00:00,87,347,434
2012-11-12 17:00:00,66,530,596
2012-11-12 18:00:00,65,486,551
2012-11-12 19:00:00,30,323,353
2012-11-12 20:00:00,31,273,304
2012-11-12 21:00:00,10,145,155
2012-11-12 22:00:00,12,100,112
2012-11-12 23:00:00,1,62,63
2012-11-13 00:00:00,5,18,23
2012-11-13 01:00:00,0,5,5
2012-11-13 02:00:00,7,4,11
2012-11-13 03:00:00,2,3,5
2012-11-13 04:00:00,0,9,9
2012-11-13 05:00:00,0,18,18
2012-11-13 06:00:00,2,48,50
2012-11-13 07:00:00,1,106,107
2012-11-13 08:00:00,4,207,211
2012-11-13 09:00:00,1,109,110
2012-11-13 10:00:00,10,84,94
2012-11-13 11:00:00,22,133,155
2012-11-13 12:00:00,16,180,196
2012-11-13 13:00:00,30,188,218
2012-11-13 14:00:00,34,169,203
2012-11-13 15:00:00,33,184,217
2012-11-13 16:00:00,28,282,310
2012-11-13 17:00:00,33,575,608
2012-11-13 18:00:00,45,514,559
2012-11-13 19:00:00,12,344,356
2012-11-13 20:00:00,12,211,223
2012-11-13 21:00:00,9,178,187
2012-11-13 22:00:00,15,120,135
2012-11-13 23:00:00,6,78,84
2012-11-14 00:00:00,4,20,24
2012-11-14 01:00:00,2,10,12
2012-11-14 02:00:00,0,1,1
2012-11-14 03:00:00,0,5,5
2012-11-14 04:00:00,0,6,6
2012-11-14 05:00:00,0,39,39
2012-11-14 06:00:00,4,142,146
2012-11-14 07:00:00,10,405,415
2012-11-14 08:00:00,27,664,691
2012-11-14 09:00:00,22,310,332
2012-11-14 10:00:00,18,153,171
2012-11-14 11:00:00,25,126,151
2012-11-14 12:00:00,40,200,240
2012-11-14 13:00:00,32,182,214
2012-11-14 14:00:00,20,161,181
2012-11-14 15:00:00,32,228,260
2012-11-14 16:00:00,31,290,321
2012-11-14 17:00:00,19,564,583
2012-11-14 18:00:00,24,543,567
2012-11-14 19:00:00,28,368,396
2012-11-14 20:00:00,15,252,267
2012-11-14 21:00:00,5,208,213
2012-11-14 22:00:00,6,167,173
2012-11-14 23:00:00,9,78,87
2012-11-15 00:00:00,1,33,34
2012-11-15 01:00:00,2,14,16
2012-11-15 02:00:00,0,7,7
2012-11-15 03:00:00,0,2,2
2012-11-15 04:00:00,0,5,5
2012-11-15 05:00:00,3,34,37
2012-11-15 06:00:00,1,146,147
2012-11-15 07:00:00,7,403,410
2012-11-15 08:00:00,21,625,646
2012-11-15 09:00:00,17,306,323
2012-11-15 10:00:00,11,142,153
2012-11-15 11:00:00,28,138,166
2012-11-15 12:00:00,29,184,213
2012-11-15 13:00:00,20,197,217
2012-11-15 14:00:00,27,174,201
2012-11-15 15:00:00,26,191,217
2012-11-15 16:00:00,24,318,342
2012-11-15 17:00:00,22,541,563
2012-11-15 18:00:00,10,563,573
2012-11-15 19:00:00,11,375,386
2012-11-15 20:00:00,23,262,285
2012-11-15 21:00:00,20,204,224
2012-11-15 22:00:00,10,143,153
2012-11-15 23:00:00,7,118,125
2012-11-16 00:00:00,7,58,65
2012-11-16 01:00:00,5,16,21
2012-11-16 02:00:00,0,9,9
2012-11-16 03:00:00,0,6,6
2012-11-16 04:00:00,0,5,5
2012-11-16 05:00:00,2,34,36
2012-11-16 06:00:00,4,126,130
2012-11-16 07:00:00,5,362,367
2012-11-16 08:00:00,17,694,711
2012-11-16 09:00:00,21,330,351
2012-11-16 10:00:00,33,165,198
2012-11-16 11:00:00,33,185,218
2012-11-16 12:00:00,28,262,290
2012-11-16 13:00:00,52,226,278
2012-11-16 14:00:00,47,204,251
2012-11-16 15:00:00,30,237,267
2012-11-16 16:00:00,33,350,383
2012-11-16 17:00:00,41,539,580
2012-11-16 18:00:00,22,483,505
2012-11-16 19:00:00,26,306,332
2012-11-16 20:00:00,20,207,227
2012-11-16 21:00:00,21,157,178
2012-11-16 22:00:00,23,139,162
2012-11-16 23:00:00,14,114,128
2012-11-17 00:00:00,11,95,106
2012-11-17 01:00:00,13,74,87
2012-11-17 02:00:00,8,41,49
2012-11-17 03:00:00,2,19,21
2012-11-17 04:00:00,1,6,7
2012-11-17 05:00:00,1,10,11
2012-11-17 06:00:00,0,21,21
2012-11-17 07:00:00,8,70,78
2012-11-17 08:00:00,30,138,168
2012-11-17 09:00:00,48,200,248
2012-11-17 10:00:00,62,258,320
2012-11-17 11:00:00,80,343,423
2012-11-17 12:00:00,117,359,476
2012-11-17 13:00:00,179,346,525
2012-11-17 14:00:00,175,380,555
2012-11-17 15:00:00,175,374,549
2012-11-17 16:00:00,144,325,469
2012-11-17 17:00:00,101,302,403
2012-11-17 18:00:00,34,237,271
2012-11-17 19:00:00,45,208,253
2012-11-17 20:00:00,30,142,172
2012-11-17 21:00:00,15,124,139
2012-11-17 22:00:00,15,130,145
2012-11-17 23:00:00,19,114,133
2012-11-18 00:00:00,11,118,129
2012-11-18 01:00:00,14,81,95
2012-11-18 02:00:00,8,65,73
2012-11-18 03:00:00,9,37,46
2012-11-18 04:00:00,4,8,12
2012-11-18 05:00:00,5,7,12
2012-11-18 06:00:00,2,13,15
2012-11-18 07:00:00,3,39,42
2012-11-18 08:00:00,19,100,119
2012-11-18 09:00:00,49,155,204
2012-11-18 10:00:00,79,250,329
2012-11-18 11:00:00,92,267,359
2012-11-18 12:00:00,101,341,442
2012-11-18 13:00:00,113,334,447
2012-11-18 14:00:00,125,303,428
2012-11-18 15:00:00,89,318,407
2012-11-18 16:00:00,59,313,372
2012-11-18 17:00:00,48,232,280
2012-11-18 18:00:00,36,240,276
2012-11-18 19:00:00,16,194,210
2012-11-18 20:00:00,9,120,129
2012-11-18 21:00:00,17,93,110
2012-11-18 22:00:00,8,66,74
2012-11-18 23:00:00,6,53,59
2012-11-19 00:00:00,5,22,27
2012-11-19 01:00:00,0,19,19
2012-11-19 02:00:00,0,5,5
2012-11-19 03:00:00,0,2,2
2012-11-19 04:00:00,1,11,12
2012-11-19 05:00:00,1,38,39
2012-11-19 06:00:00,3,128,131
2012-11-19 07:00:00,5,381,386
2012-11-19 08:00:00,13,650,663
2012-11-19 09:00:00,18,260,278
2012-11-19 10:00:00,33,106,139
2012-11-19 11:00:00,33,164,197
2012-11-19 12:00:00,35,207,242
2012-11-19 13:00:00,46,205,251
2012-11-19 14:00:00,47,170,217
2012-11-19 15:00:00,44,213,257
2012-11-19 16:00:00,55,325,380
2012-11-19 17:00:00,33,586,619
2012-11-19 18:00:00,21,559,580
2012-11-19 19:00:00,25,381,406
2012-11-19 20:00:00,7,252,259
2012-11-19 21:00:00,15,188,203
2012-11-19 22:00:00,7,106,113
2012-11-19 23:00:00,2,72,74
2012-12-01 00:00:00,9,99,108
2012-12-01 01:00:00,5,64,69
2012-12-01 02:00:00,3,47,50
2012-12-01 03:00:00,1,14,15
2012-12-01 04:00:00,0,5,5
2012-12-01 05:00:00,1,12,13
2012-12-01 06:00:00,7,20,27
2012-12-01 07:00:00,7,56,63
2012-12-01 08:00:00,11,133,144
2012-12-01 09:00:00,34,159,193
2012-12-01 10:00:00,45,211,256
2012-12-01 11:00:00,74,318,392
2012-12-01 12:00:00,119,327,446
2012-12-01 13:00:00,123,386,509
2012-12-01 14:00:00,110,369,479
2012-12-01 15:00:00,113,371,484
2012-12-01 16:00:00,89,354,443
2012-12-01 17:00:00,50,270,320
2012-12-01 18:00:00,42,255,297
2012-12-01 19:00:00,30,219,249
2012-12-01 20:00:00,28,170,198
2012-12-01 21:00:00,23,135,158
2012-12-01 22:00:00,17,130,147
2012-12-01 23:00:00,10,116,126
2012-12-02 00:00:00,9,108,117
2012-12-02 01:00:00,10,84,94
2012-12-02 02:00:00,2,72,74
2012-12-02 03:00:00,4,21,25
2012-12-02 04:00:00,1,6,7
2012-12-02 05:00:00,1,7,8
2012-12-02 06:00:00,1,15,16
2012-12-02 07:00:00,5,26,31
2012-12-02 08:00:00,12,81,93
2012-12-02 09:00:00,37,135,172
2012-12-02 10:00:00,63,230,293
2012-12-02 11:00:00,81,274,355
2012-12-02 12:00:00,111,409,520
2012-12-02 13:00:00,84,347,431
2012-12-02 14:00:00,142,331,473
2012-12-02 15:00:00,106,311,417
2012-12-02 16:00:00,85,358,443
2012-12-02 17:00:00,59,244,303
2012-12-02 18:00:00,25,178,203
2012-12-02 19:00:00,16,158,174
2012-12-02 20:00:00,12,142,154
2012-12-02 21:00:00,8,91,99
2012-12-02 22:00:00,11,85,96
2012-12-02 23:00:00,7,44,51
2012-12-03 00:00:00,3,18,21
2012-12-03 01:00:00,2,11,13
2012-12-03 02:00:00,1,9,10
2012-12-03 03:00:00,2,6,8
2012-12-03 04:00:00,1,4,5
2012-12-03 05:00:00,0,38,38
2012-12-03 06:00:00,2,136,138
2012-12-03 07:00:00,9,387,396
2012-12-03 08:00:00,19,712,731
2012-12-03 09:00:00,19,289,308
2012-12-03 10:00:00,31,105,136
2012-12-03 11:00:00,51,182,233
2012-12-03 12:00:00,40,228,268
2012-12-03 13:00:00,81,240,321
2012-12-03 14:00:00,51,209,260
2012-12-03 15:00:00,58,210,268
2012-12-03 16:00:00,45,397,442
2012-12-03 17:00:00,43,665,708
2012-12-03 18:00:00,26,666,692
2012-12-03 19:00:00,27,444,471
2012-12-03 20:00:00,16,284,300
2012-12-03 21:00:00,14,207,221
2012-12-03 22:00:00,5,139,144
2012-12-03 23:00:00,9,93,102
2012-12-04 00:00:00,6,49,55
2012-12-04 01:00:00,3,22,25
2012-12-04 02:00:00,3,5,8
2012-12-04 03:00:00,1,3,4
2012-12-04 04:00:00,0,7,7
2012-12-04 05:00:00,1,45,46
2012-12-04 06:00:00,3,150,153
2012-12-04 07:00:00,7,495,502
2012-12-04 08:00:00,21,700,721
2012-12-04 09:00:00,19,317,336
2012-12-04 10:00:00,26,130,156
2012-12-04 11:00:00,24,183,207
2012-12-04 12:00:00,39,273,312
2012-12-04 13:00:00,39,233,272
2012-12-04 14:00:00,39,231,270
2012-12-04 15:00:00,56,244,300
2012-12-04 16:00:00,44,391,435
2012-12-04 17:00:00,43,700,743
2012-12-04 18:00:00,38,693,731
2012-12-04 19:00:00,46,414,460
2012-12-04 20:00:00,34,272,306
2012-12-04 21:00:00,28,252,280
2012-12-04 22:00:00,26,155,181
2012-12-04 23:00:00,5,91,96
2012-12-05 00:00:00,6,31,37
2012-12-05 01:00:00,0,11,11
2012-12-05 02:00:00,2,7,9
2012-12-05 03:00:00,0,7,7
2012-12-05 04:00:00,1,9,10
2012-12-05 05:00:00,1,48,49
2012-12-05 06:00:00,5,119,124
2012-12-05 07:00:00,9,389,398
2012-12-05 08:00:00,22,737,759
2012-12-05 09:00:00,26,362,388
2012-12-05 10:00:00,14,127,141
2012-12-05 11:00:00,11,161,172
2012-12-05 12:00:00,24,208,232
2012-12-05 13:00:00,14,200,214
2012-12-05 14:00:00,39,179,218
2012-12-05 15:00:00,20,265,285
2012-12-05 16:00:00,23,354,377
2012-12-05 17:00:00,29,576,605
2012-12-05 18:00:00,29,580,609
2012-12-05 19:00:00,14,400,414
2012-12-05 20:00:00,19,274,293
2012-12-05 21:00:00,14,184,198
2012-12-05 22:00:00,4,101,105
2012-12-05 23:00:00,5,69,74
2012-12-06 00:00:00,1,43,44
2012-12-06 01:00:00,0,16,16
2012-12-06 02:00:00,0,9,9
2012-12-06 03:00:00,0,2,2
2012-12-06 04:00:00,1,8,9
2012-12-06 05:00:00,0,32,32
2012-12-06 06:00:00,2,122,124
2012-12-06 07:00:00,8,381,389
2012-12-06 08:00:00,13,646,659
2012-12-06 09:00:00,19,257,276
2012-12-06 10:00:00,23,122,145
2012-12-06 11:00:00,16,162,178
2012-12-06 12:00:00,29,206,235
2012-12-06 13:00:00,33,212,245
2012-12-06 14:00:00,37,175,212
2012-12-06 15:00:00,38,232,270
2012-12-06 16:00:00,39,292,331
2012-12-06 17:00:00,31,586,617
2012-12-06 18:00:00,23,542,565
2012-12-06 19:00:00,13,360,373
2012-12-06 20:00:00,5,222,227
2012-12-06 21:00:00,7,184,191
2012-12-06 22:00:00,2,131,133
2012-12-06 23:00:00,0,93,93
2012-12-07 00:00:00,3,45,48
2012-12-07 01:00:00,2,26,28
2012-12-07 02:00:00,0,11,11
2012-12-07 03:00:00,0,5,5
2012-12-07 04:00:00,0,10,10
2012-12-07 05:00:00,1,25,26
2012-12-07 06:00:00,0,84,84
2012-12-07 07:00:00,3,212,215
2012-12-07 08:00:00,11,430,441
2012-12-07 09:00:00,10,291,301
2012-12-07 10:00:00,16,150,166
2012-12-07 11:00:00,20,183,203
2012-12-07 12:00:00,36,204,240
2012-12-07 13:00:00,23,197,220
2012-12-07 14:00:00,40,175,215
2012-12-07 15:00:00,34,269,303
2012-12-07 16:00:00,39,336,375
2012-12-07 17:00:00,29,539,568
2012-12-07 18:00:00,25,473,498
2012-12-07 19:00:00,15,337,352
2012-12-07 20:00:00,12,229,241
2012-12-07 21:00:00,9,162,171
2012-12-07 22:00:00,15,150,165
2012-12-07 23:00:00,6,116,122
2012-12-08 00:00:00,5,98,103
2012-12-08 01:00:00,16,84,100
2012-12-08 02:00:00,3,67,70
2012-12-08 03:00:00,6,23,29
2012-12-08 04:00:00,3,9,12
2012-12-08 05:00:00,2,4,6
2012-12-08 06:00:00,1,19,20
2012-12-08 07:00:00,3,36,39
2012-12-08 08:00:00,5,106,111
2012-12-08 09:00:00,17,153,170
2012-12-08 10:00:00,43,244,287
2012-12-08 11:00:00,63,341,404
2012-12-08 12:00:00,122,364,486
2012-12-08 13:00:00,148,399,547
2012-12-08 14:00:00,164,378,542
2012-12-08 15:00:00,167,374,541
2012-12-08 16:00:00,139,368,507
2012-12-08 17:00:00,77,268,345
2012-12-08 18:00:00,40,264,304
2012-12-08 19:00:00,34,212,246
2012-12-08 20:00:00,20,162,182
2012-12-08 21:00:00,34,175,209
2012-12-08 22:00:00,23,137,160
2012-12-08 23:00:00,18,144,162
2012-12-09 00:00:00,15,103,118
2012-12-09 01:00:00,17,85,102
2012-12-09 02:00:00,8,70,78
2012-12-09 03:00:00,14,34,48
2012-12-09 04:00:00,1,11,12
2012-12-09 05:00:00,0,8,8
2012-12-09 06:00:00,0,6,6
2012-12-09 07:00:00,1,22,23
2012-12-09 08:00:00,1,68,69
2012-12-09 09:00:00,9,94,103
2012-12-09 10:00:00,39,180,219
2012-12-09 11:00:00,40,210,250
2012-12-09 12:00:00,60,255,315
2012-12-09 13:00:00,65,220,285
2012-12-09 14:00:00,42,190,232
2012-12-09 15:00:00,25,200,225
2012-12-09 16:00:00,33,220,253
2012-12-09 17:00:00,20,209,229
2012-12-09 18:00:00,17,181,198
2012-12-09 19:00:00,12,110,122
2012-12-09 20:00:00,6,102,108
2012-12-09 21:00:00,10,86,96
2012-12-09 22:00:00,3,75,78
2012-12-09 23:00:00,3,48,51
2012-12-10 00:00:00,0,20,20
2012-12-10 01:00:00,0,4,4
2012-12-10 02:00:00,2,3,5
2012-12-10 03:00:00,0,4,4
2012-12-10 04:00:00,3,9,12
2012-12-10 05:00:00,0,27,27
2012-12-10 06:00:00,2,121,123
2012-12-10 07:00:00,3,291,294
2012-12-10 08:00:00,9,575,584
2012-12-10 09:00:00,11,273,284
2012-12-10 10:00:00,12,121,133
2012-12-10 11:00:00,8,126,134
2012-12-10 12:00:00,23,150,173
2012-12-10 13:00:00,30,190,220
2012-12-10 14:00:00,31,179,210
2012-12-10 15:00:00,29,207,236
2012-12-10 16:00:00,37,308,345
2012-12-10 17:00:00,38,578,616
2012-12-10 18:00:00,20,544,564
2012-12-10 19:00:00,18,409,427
2012-12-10 20:00:00,13,287,300
2012-12-10 21:00:00,21,224,245
2012-12-10 22:00:00,11,115,126
2012-12-10 23:00:00,8,76,84
2012-12-11 00:00:00,2,29,31
2012-12-11 01:00:00,1,7,8
2012-12-11 02:00:00,0,1,1
2012-12-11 03:00:00,0,3,3
2012-12-11 04:00:00,0,8,8
2012-12-11 05:00:00,1,40,41
2012-12-11 06:00:00,0,118,118
2012-12-11 07:00:00,8,372,380
2012-12-11 08:00:00,16,708,724
2012-12-11 09:00:00,12,322,334
2012-12-11 10:00:00,12,142,154
2012-12-11 11:00:00,28,145,173
2012-12-11 12:00:00,13,213,226
2012-12-11 13:00:00,28,226,254
2012-12-11 14:00:00,19,185,204
2012-12-11 15:00:00,20,250,270
2012-12-11 16:00:00,24,334,358
2012-12-11 17:00:00,21,580,601
2012-12-11 18:00:00,23,523,546
2012-12-11 19:00:00,21,412,433
2012-12-11 20:00:00,9,248,257
2012-12-11 21:00:00,14,193,207
2012-12-11 22:00:00,6,100,106
2012-12-11 23:00:00,4,60,64
2012-12-12 00:00:00,1,33,34
2012-12-12 01:00:00,3,18,21
2012-12-12 02:00:00,5,4,9
2012-12-12 03:00:00,3,7,10
2012-12-12 04:00:00,0,4,4
2012-12-12 05:00:00,0,37,37
2012-12-12 06:00:00,2,126,128
2012-12-12 07:00:00,3,366,369
2012-12-12 08:00:00,18,670,688
2012-12-12 09:00:00,13,272,285
2012-12-12 10:00:00,20,116,136
2012-12-12 11:00:00,24,148,172
2012-12-12 12:00:00,14,218,232
2012-12-12 13:00:00,18,220,238
2012-12-12 14:00:00,34,191,225
2012-12-12 15:00:00,21,207,228
2012-12-12 16:00:00,19,310,329
2012-12-12 17:00:00,21,540,561
2012-12-12 18:00:00,25,515,540
2012-12-12 19:00:00,18,384,402
2012-12-12 20:00:00,25,243,268
2012-12-12 21:00:00,16,186,202
2012-12-12 22:00:00,4,118,122
2012-12-12 23:00:00,3,76,79
2012-12-13 00:00:00,1,31,32
2012-12-13 01:00:00,4,19,23
2012-12-13 02:00:00,3,5,8
2012-12-13 03:00:00,0,2,2
2012-12-13 04:00:00,0,8,8
2012-12-13 05:00:00,2,31,33
2012-12-13 06:00:00,2,112,114
2012-12-13 07:00:00,5,380,385
2012-12-13 08:00:00,24,655,679
2012-12-13 09:00:00,25,300,325
2012-12-13 10:00:00,28,139,167
2012-12-13 11:00:00,25,164,189
2012-12-13 12:00:00,30,252,282
2012-12-13 13:00:00,41,230,271
2012-12-13 14:00:00,31,211,242
2012-12-13 15:00:00,40,240,280
2012-12-13 16:00:00,50,356,406
2012-12-13 17:00:00,43,507,550
2012-12-13 18:00:00,20,446,466
2012-12-13 19:00:00,20,328,348
2012-12-13 20:00:00,6,235,241
2012-12-13 21:00:00,13,200,213
2012-12-13 22:00:00,7,141,148
2012-12-13 23:00:00,5,115,120
2012-12-14 00:00:00,4,43,47
2012-12-14 01:00:00,0,26,26
2012-12-14 02:00:00,3,6,9
2012-12-14 03:00:00,0,12,12
2012-12-14 04:00:00,1,9,10
2012-12-14 05:00:00,0,34,34
2012-12-14 06:00:00,1,112,113
2012-12-14 07:00:00,3,305,308
2012-12-14 08:00:00,13,623,636
2012-12-14 09:00:00,13,330,343
2012-12-14 10:00:00,28,162,190
2012-12-14 11:00:00,31,180,211
2012-12-14 12:00:00,29,244,273
2012-12-14 13:00:00,39,274,313
2012-12-14 14:00:00,48,251,299
2012-12-14 15:00:00,57,252,309
2012-12-14 16:00:00,45,372,417
2012-12-14 17:00:00,40,582,622
2012-12-14 18:00:00,23,432,455
2012-12-14 19:00:00,17,302,319
2012-12-14 20:00:00,12,209,221
2012-12-14 21:00:00,7,165,172
2012-12-14 22:00:00,4,134,138
2012-12-14 23:00:00,11,123,134
2012-12-15 00:00:00,4,90,94
2012-12-15 01:00:00,9,86,95
2012-12-15 02:00:00,6,63,69
2012-12-15 03:00:00,5,18,23
2012-12-15 04:00:00,1,5,6
2012-12-15 05:00:00,0,3,3
2012-12-15 06:00:00,0,11,11
2012-12-15 07:00:00,1,47,48
2012-12-15 08:00:00,8,111,119
2012-12-15 09:00:00,17,203,220
2012-12-15 10:00:00,23,250,273
2012-12-15 11:00:00,66,327,393
2012-12-15 12:00:00,89,364,453
2012-12-15 13:00:00,88,368,456
2012-12-15 14:00:00,92,334,426
2012-12-15 15:00:00,95,352,447
2012-12-15 16:00:00,85,328,413
2012-12-15 17:00:00,35,274,309
2012-12-15 18:00:00,40,232,272
2012-12-15 19:00:00,32,225,257
2012-12-15 20:00:00,23,178,201
2012-12-15 21:00:00,15,169,184
2012-12-15 22:00:00,22,134,156
2012-12-15 23:00:00,11,108,119
2012-12-16 00:00:00,8,102,110
2012-12-16 01:00:00,14,82,96
2012-12-16 02:00:00,8,79,87
2012-12-16 03:00:00,1,37,38
2012-12-16 04:00:00,1,10,11
2012-12-16 05:00:00,0,9,9
2012-12-16 06:00:00,0,6,6
2012-12-16 07:00:00,5,22,27
2012-12-16 08:00:00,12,76,88
2012-12-16 09:00:00,19,113,132
2012-12-16 10:00:00,42,215,257
2012-12-16 11:00:00,47,248,295
2012-12-16 12:00:00,67,350,417
2012-12-16 13:00:00,67,289,356
2012-12-16 14:00:00,50,260,310
2012-12-16 15:00:00,46,292,338
2012-12-16 16:00:00,66,334,400
2012-12-16 17:00:00,29,214,243
2012-12-16 18:00:00,8,99,107
2012-12-16 19:00:00,10,99,109
2012-12-16 20:00:00,14,108,122
2012-12-16 21:00:00,14,92,106
2012-12-16 22:00:00,6,83,89
2012-12-16 23:00:00,4,29,33
2012-12-17 00:00:00,2,26,28
2012-12-17 01:00:00,1,14,15
2012-12-17 02:00:00,1,4,5
2012-12-17 03:00:00,0,3,3
2012-12-17 04:00:00,2,3,5
2012-12-17 05:00:00,0,24,24
2012-12-17 06:00:00,1,107,108
2012-12-17 07:00:00,5,314,319
2012-12-17 08:00:00,10,582,592
2012-12-17 09:00:00,11,271,282
2012-12-17 10:00:00,15,120,135
2012-12-17 11:00:00,22,148,170
2012-12-17 12:00:00,21,211,232
2012-12-17 13:00:00,16,194,210
2012-12-17 14:00:00,12,169,181
2012-12-17 15:00:00,15,196,211
2012-12-17 16:00:00,15,287,302
2012-12-17 17:00:00,17,478,495
2012-12-17 18:00:00,14,493,507
2012-12-17 19:00:00,7,333,340
2012-12-17 20:00:00,8,192,200
2012-12-17 21:00:00,6,114,120
2012-12-17 22:00:00,5,49,54
2012-12-17 23:00:00,6,41,47
2012-12-18 00:00:00,0,18,18
2012-12-18 01:00:00,0,15,15
2012-12-18 02:00:00,2,5,7
2012-12-18 03:00:00,0,5,5
2012-12-18 04:00:00,3,5,8
2012-12-18 05:00:00,0,36,36
2012-12-18 06:00:00,1,117,118
2012-12-18 07:00:00,4,351,355
2012-12-18 08:00:00,10,652,662
2012-12-18 09:00:00,19,307,326
2012-12-18 10:00:00,22,162,184
2012-12-18 11:00:00,58,211,269
2012-12-18 12:00:00,49,264,313
2012-12-18 13:00:00,51,235,286
2012-12-18 14:00:00,56,191,247
2012-12-18 15:00:00,28,218,246
2012-12-18 16:00:00,40,323,363
2012-12-18 17:00:00,39,533,572
2012-12-18 18:00:00,13,512,525
2012-12-18 19:00:00,19,334,353
2012-12-18 20:00:00,4,264,268
2012-12-18 21:00:00,9,159,168
2012-12-18 22:00:00,5,127,132
2012-12-18 23:00:00,1,80,81
2012-12-19 00:00:00,6,35,41
2012-12-19 01:00:00,1,14,15
2012-12-19 02:00:00,1,2,3
2012-12-19 03:00:00,0,5,5
2012-12-19 04:00:00,1,6,7
2012-12-19 05:00:00,2,29,31
2012-12-19 06:00:00,3,109,112
2012-12-19 07:00:00,3,360,363
2012-12-19 08:00:00,13,665,678
2012-12-19 09:00:00,8,309,317
2012-12-19 10:00:00,17,147,164
2012-12-19 11:00:00,31,169,200
2012-12-19 12:00:00,33,203,236
2012-12-19 13:00:00,30,183,213
2012-12-19 14:00:00,33,185,218
2012-12-19 15:00:00,28,209,237
2012-12-19 16:00:00,37,297,334
2012-12-19 17:00:00,26,536,562
2012-12-19 18:00:00,23,546,569
2012-12-19 19:00:00,7,329,336
2012-12-19 20:00:00,10,231,241
2012-12-19 21:00:00,4,164,168
2012-12-19 22:00:00,12,117,129
2012-12-19 23:00:00,4,84,88
